12.5808 12.3761 12.3945 12.4361 12.4905 12.5563 12.6328 12.7188 12.8132 12.9146 13.0214 13.132 13.2446 13.3572 13.4677 13.5741 13.6741 13.7658 13.8471 13.9161 13.9711 14.0108 14.034 14.0401 14.0288 14.0002 13.9548 13.8937 13.8181 13.7296 13.6302 13.522 13.407 13.2875 13.1658 13.044 12.9241 12.8081 12.6976 12.5943 12.4996 12.4146 12.3404 12.2778 12.2275 12.2275 11.4352 11.4151 11.405 11.405 
11.5391 11.5391 11.5498 11.5706 11.6013 11.6415 11.6908 11.7487 11.8143 11.8868 11.9653 12.0486 12.1353 12.2241 12.3135 12.4016 12.4869 12.5675 12.6416 12.7075 12.7637 12.8087 12.8414 12.8608 12.8665 12.8581 12.8359 12.8004 12.7525 12.6933 12.6241 12.5465 12.4622 12.373 12.2806 12.1867 12.0929 12.0008 11.9119 11.8272 11.7481 11.6755 11.6102 11.553 11.5044 11.465 11.4352 11.4151 11.405 11.405 
13.077 13.077 13.0984 13.1402 13.2019 13.2827 13.3818 13.498 13.63 13.7759 13.9338 14.1014 14.2761 14.4551 14.6352 14.813 14.9851 15.1478 15.2976 15.4309 15.5446 15.6357 15.7018 15.7412 15.7526 15.7358 15.6909 15.6192 15.5222 15.4024 15.2626 15.106 14.9359 14.7559 14.5695 14.3802 14.1914 14.006 13.8269 13.6567 13.4977 13.3517 13.2206 13.1056 13.0082 12.9291 12.8691 12.8289 12.8087 12.8087 
14.6117 14.6117 14.6442 14.7073 14.8004 14.9225 15.0723 15.2481 15.4477 15.6687 15.9079 16.1621 16.4272 16.6991 16.9729 17.2435 17.5056 17.7537 17.9823 18.1859 18.3596 18.4989 18.6002 18.6605 18.6781 18.6524 18.5839 18.4742 18.3261 18.1433 17.9299 17.6911 17.4319 17.1579 16.8745 16.587 16.3003 16.0192 15.7479 15.4902 15.2495 15.0288 14.8306 14.657 14.5099 14.3905 14.3 14.2393 14.2088 14.2088 
16.1413 16.1413 16.1849 16.2698 16.3952 16.5597 16.7616 16.9986 17.268 17.5664 17.8899 18.2339 18.5932 18.962 19.3339 19.7021 20.0591 20.3976 20.7097 20.9882 21.226 21.417 21.5558 21.6387 21.663 21.6279 21.5342 21.3841 21.1816 20.9316 20.6402 20.3143 19.9612 19.5884 19.2032 18.813 18.4244 18.0438 17.6769 17.3289 17.0041 16.7066 16.4396 16.206 16.008 15.8475 15.7259 15.6443 15.6033 15.6033 
17.6632 17.6632 17.7183 17.8257 17.9843 18.1925 18.4482 18.7488 19.0906 19.4698 19.8813 20.3195 20.7779 21.2492 21.7253 22.1975 22.6562 23.0917 23.4942 23.8538 24.1614 24.4087 24.5888 24.6965 24.7283 24.6831 24.562 24.3679 24.1062 23.7834 23.4077 22.9882 22.5343 22.0559 21.5626 21.0636 20.5676 20.0826 19.6158 19.1735 18.7615 18.3844 18.0463 17.7508 17.5005 17.2977 17.1442 17.0412 16.9895 16.9895 
19.1744 19.1744 19.2414 19.372 19.5649 19.8186 20.1303 20.497 20.9147 21.3785 21.8827 22.4206 22.9844 23.5653 24.1533 24.7377 25.3068 25.8484 26.3499 26.799 27.184 27.494 27.7202 27.8556 27.896 27.8398 27.6882 27.4455 27.1182 26.7152 26.2469 25.7249 25.1614 24.5688 23.959 23.3436 22.7332 22.1375 21.5653 21.0242 20.5208 20.0607 19.6489 19.2892 18.985 18.7386 18.5522 18.4272 18.3644 18.3644 
20.6713 20.6713 20.7506 20.9052 21.134 21.4348 21.805 22.241 22.7383 23.2915 23.8941 24.5382 25.2149 25.9138 26.6232 27.3302 28.0206 28.6795 29.2914 29.8407 30.3127 30.6938 30.9723 31.1396 31.1899 31.1212 30.9354 30.6377 30.2367 29.7438 29.1722 28.5366 27.8523 27.1344 26.3979 25.6566 24.9233 24.2095 23.5254 22.8798 22.2804 21.7336 21.2448 20.8185 20.4582 20.1669 19.9465 19.7988 19.7247 19.7247 
22.1496 22.1496 22.2416 22.4212 22.6872 23.0373 23.4686 23.9773 24.5586 25.2065 25.9137 26.6715 27.4699 28.2969 29.1391 29.9812 30.8063 31.5965 32.3328 32.9961 33.5676 34.0303 34.3694 34.5736 34.6356 34.5529 34.3277 33.967 33.4818 32.8865 32.1981 31.4348 30.6157 29.7593 28.8836 28.0051 27.1388 26.2981 25.4946 24.7382 24.0376 23.3997 22.8306 22.3349 21.9165 21.5785 21.3231 21.1519 21.0661 21.0661 
23.6043 23.6043 23.7094 23.915 24.2196 24.6211 25.1164 25.7015 26.3713 27.1196 27.9384 28.8185 29.7486 30.7154 31.7036 32.6956 33.6718 34.6105 35.4887 36.2829 36.9698 37.5278 37.938 38.1859 38.262 38.1631 37.892 37.4578 36.8748 36.1614 35.339 34.4307 33.4596 32.4485 31.4188 30.3898 29.379 28.4014 27.4701 26.596 25.7884 25.0549 24.4017 23.8338 23.3551 22.9688 22.6772 22.4819 22.384 22.384 
25.0295 25.0295 25.1482 25.3807 25.7255 26.1804 26.7425 27.4076 28.1708 29.0254 29.9635 30.9749 32.0478 33.1676 34.3173 35.4767 36.6232 37.7312 38.7731 39.7197 40.5422 41.213 41.7081 42.0083 42.1016 41.9835 41.6579 41.1367 40.4385 39.587 38.6094 37.5343 36.3905 35.2054 34.0042 32.8095 31.641 30.5155 29.4472 28.4479 27.5274 26.6935 25.9525 25.3096 24.7685 24.3324 24.0035 23.7835 23.6732 23.6732 
26.4186 26.4186 26.5514 26.8115 27.1978 27.7081 28.3396 29.0885 29.9497 30.9168 31.9818 33.1344 34.3621 35.6495 36.9779 38.3251 39.6649 40.9675 42.1996 43.3258 44.3095 45.1157 45.7134 46.0777 46.1922 46.051 45.6597 45.0338 44.1979 43.1828 42.0229 40.7545 39.4128 38.0308 36.6379 35.2602 33.9194 32.6341 31.4192 30.287 29.2476 28.3086 27.4764 26.7557 26.1504 25.6631 25.296 25.0505 24.9276 24.9276 
27.7644 27.7644 27.9114 28.1999 28.6287 29.1961 29.8994 30.7352 31.6989 32.7845 33.9841 35.2878 36.683 38.1537 39.6801 41.2381 42.7981 44.3257 45.7812 47.1207 48.2985 49.2697 49.9936 50.4372 50.5785 50.4092 49.9368 49.183 48.1802 46.9686 45.5927 44.0981 42.5281 40.9222 39.3147 37.7347 36.206 34.7483 33.3769 32.1043 30.9402 29.8919 28.9652 28.1646 27.4933 26.9538 26.5478 26.2765 26.1407 26.1407 
29.0587 29.0587 29.2202 29.5375 30.0097 30.6352 31.4122 32.3376 33.4076 34.6168 35.9582 37.4227 38.9981 40.6686 42.4141 44.2087 46.0203 47.8093 49.5286 51.1245 52.5389 53.7136 54.5951 55.1394 55.3153 55.1103 54.5362 53.6234 52.4153 50.9649 49.3301 47.5686 45.734 43.873 42.025 40.2218 38.4888 36.846 35.3087 33.8886 32.5946 31.4333 30.4098 29.5276 28.7893 28.1969 27.7516 27.4543 27.3055 27.3055 
30.2929 30.2929 30.469 30.8152 31.331 32.0154 32.867 33.8838 35.0628 36.3999 37.8894 39.5234 41.2912 43.1781 45.1644 47.2241 49.3228 51.4165 53.4499 55.3569 57.0633 58.4925 59.574 60.2489 60.4714 60.2195 59.5141 58.4003 56.9361 55.1917 53.2432 51.1647 49.0222 46.8705 44.7536 42.7054 40.7517 38.9118 37.1999 35.6263 34.1984 32.9217 31.7997 30.835 30.0294 29.384 28.8994 28.5762 28.4146 28.4146 
31.4582 31.4582 31.6486 32.0235 32.5826 33.3256 34.2519 35.3606 36.65 38.1177 39.7597 41.5704 43.5412 45.6599 47.9089 50.2635 52.689 55.1381 57.5475 59.8362 61.9078 63.6592 64.9974 65.8475 66.1381 65.8185 64.9379 63.567 61.7793 59.6678 57.335 54.8775 52.3762 49.8941 47.4785 45.1636 42.9738 40.9263 39.0329 37.3015 35.7375 34.3441 33.1234 32.0765 31.2041 30.5063 29.9831 29.6343 29.46 29.46 
32.5452 32.5452 32.7496 33.1524 33.7538 34.5542 35.5541 36.7537 38.153 39.7517 41.5482 43.5399 45.7216 48.085 50.6167 53.2957 56.0903 58.9531 61.8146 64.577 67.1126 69.2763 70.9433 72.0387 72.4473 72.0112 70.8865 69.1869 66.9861 64.4085 61.5993 58.6864 55.7678 52.9129 50.169 47.5675 45.129 42.8662 40.7871 38.8962 37.1958 35.6866 34.3686 33.2412 32.3035 31.5547 30.994 30.6206 30.434 30.434 
33.5448 33.5448 33.7625 34.1919 34.8338 35.6894 36.7601 38.0477 39.5543 41.2816 43.2314 45.4047 47.8009 50.4172 53.2468 56.2763 59.4818 62.8219 66.2276 69.5863 72.726 75.4229 77.4907 78.9451 79.6284 78.9207 77.4396 75.3406 72.6059 69.4217 66.0128 62.552 59.1522 55.8826 52.7844 49.881 47.1855 44.7042 42.4392 40.3904 38.5563 36.9345 35.5225 34.3176 33.3176 32.5202 31.9238 31.527 31.3288 31.3288 
34.4481 34.4481 34.6782 35.1324 35.8121 36.7192 37.8565 39.2272 40.8355 42.6859 44.7836 47.134 49.7421 52.6125 55.7474 59.145 62.7959 66.6758 70.7317 74.8524 78.8145 82.2263 84.6754 86.6443 88.2215 86.6252 84.6346 82.1574 78.7068 74.6968 70.5215 66.406 62.4621 58.743 55.2727 52.0603 49.107 46.4098 43.9637 41.7628 39.801 38.0725 36.572 35.2946 34.2364 33.3938 32.7643 32.3458 32.1368 32.1368 
35.2468 35.2468 35.4881 35.9647 36.6786 37.6324 38.8301 40.2767 41.9784 43.9426 46.178 48.695 51.505 54.6208 58.056 61.8241 65.9371 70.4021 75.2116 80.3101 85.4793 90.0128 92.3573 94.7491 100 94.7381 92.3331 89.968 85.3932 80.1697 75.0103 70.1355 65.6016 61.4161 57.5714 54.0551 50.8528 47.9503 45.334 42.9915 40.912 39.0857 37.5045 36.1613 35.0505 34.1672 33.5079 33.0699 32.8513 32.8513 
35.9336 35.9336 36.1846 36.6806 37.424 38.4185 39.6689 41.1818 42.9655 45.03 47.3879 50.0543 53.0471 56.388 60.1025 64.2212 68.7809 73.8298 79.4391 85.7244 92.7986 100 100 100 100 100 100 100 92.7473 85.6061 79.2505 73.5691 68.446 63.8094 59.6104 55.8113 52.3808 49.2923 46.5235 44.0553 41.8718 39.9598 38.3081 36.9078 35.7513 34.8328 34.1478 33.693 33.4661 33.4661 
36.5024 36.5024 36.7613 37.2732 38.0408 39.0685 40.3622 41.9296 43.7809 45.9287 48.3886 51.1802 54.3277 57.8606 61.8161 66.2397 71.1887 76.74 83.023 90.3711 100 100 100 100 100 100 100 100 100 90.2782 82.8488 76.4867 70.8559 65.8257 61.3184 57.2753 53.6499 50.4042 47.5075 44.9345 42.665 40.6822 38.9727 37.5254 36.3317 35.3844 34.6784 34.2098 33.9762 33.9762 
36.9486 36.9486 37.2134 37.7372 38.5229 39.5754 40.9014 42.5097 44.4117 46.622 49.1589 52.0454 55.3105 58.991 63.1331 67.7949 73.0461 78.9595 85.5703 92.7521 100 100 100 100 100 100 100 100 100 92.674 85.4085 78.7132 72.7157 67.3797 62.6312 58.399 54.624 51.2585 48.2648 45.6129 43.2786 41.2428 39.4899 38.0076 36.7859 35.8171 35.0954 34.6166 34.3779 34.3779 
37.2693 37.2693 37.5378 38.0691 38.8663 39.9345 41.2808 42.9147 44.8485 47.0979 49.6829 52.6287 55.9676 59.741 64.0028 68.8229 74.2926 80.5205 87.5725 95.079 100 100 100 100 100 100 100 100 100 95.0222 87.4243 80.2808 73.9642 68.4067 63.4977 59.1442 55.2746 51.834 48.7797 46.0783 43.7035 41.6343 39.8541 38.3496 37.1102 36.1278 35.3962 34.9109 34.6689 34.6689 
37.4635 37.4635 37.7336 38.2679 39.0695 40.1437 41.4977 43.1411 45.0865 47.3499 49.9516 52.9177 56.2814 60.0857 64.3875 69.2645 74.8323 81.2957 89.1437 100 100 100 100 100 100 100 100 100 100 100 89.0098 81.0596 74.504 68.8468 63.8799 59.4855 55.5844 52.1183 49.043 46.3241 43.9346 41.8531 40.0626 38.5496 37.3033 36.3155 35.5799 35.092 34.8487 34.8487 
37.5324 37.5324 37.8018 38.3344 39.1334 40.2039 41.5527 43.1893 45.1257 47.3774 49.9639 52.9103 56.2481 60.0179 64.2723 69.0798 74.5289 80.7247 87.7285 95.1664 100 100 100 100 100 100 100 100 100 95.1084 87.5782 80.4822 74.197 68.6595 63.7626 59.4158 55.5492 52.1091 49.0535 46.3498 43.9721 41.8996 40.1161 38.6083 37.3661 36.3812 35.6477 35.161 34.9184 34.9184 
37.4792 37.4792 37.7457 38.2722 39.0617 40.1188 41.45 43.0638 44.9712 47.1864 49.727 52.6151 55.8788 59.553 63.6821 68.3207 73.534 79.3873 85.9054 92.9476 100 100 100 100 100 100 100 100 100 92.8671 85.7394 79.1353 73.1964 67.8972 63.1707 58.9504 55.1803 51.815 48.8183 46.1614 43.8209 41.7782 40.0184 38.5295 37.3018 36.328 35.6024 35.1209 34.8808 34.8808 
37.3092 37.3092 37.5707 38.0869 38.8604 39.8952 41.197 42.7732 44.6332 46.789 49.2555 52.0509 55.1978 58.724 62.6635 67.0578 71.958 77.4311 83.5897 90.7341 100 100 100 100 100 100 100 100 100 90.6371 83.4086 77.1688 71.6143 66.6312 62.1513 58.1225 54.5019 51.2548 48.3522 45.7706 43.4909 41.4973 39.7768 38.3193 37.1163 36.1613 35.4492 34.9764 34.7406 34.7406 
37.0297 37.0297 37.2843 37.7863 38.5379 39.5424 40.8044 42.3298 44.1261 46.2028 48.5711 51.2447 54.2399 57.576 61.2754 65.3642 69.8732 74.8412 80.3256 86.4203 93.2064 100 100 100 100 100 100 100 93.1514 86.2949 80.1271 74.5681 69.5234 64.9352 60.7636 56.9772 53.5489 50.4553 47.6764 45.1949 42.9964 41.0687 39.4016 37.9868 36.8174 35.8881 35.1946 34.734 34.5041 34.5041 
36.6497 36.6497 36.8957 37.3802 38.1049 39.0721 40.2853 41.7489 43.4681 45.4494 47.7004 50.2298 53.0472 56.163 59.5877 63.3309 67.3994 71.7935 76.4974 81.447 86.4214 90.7399 92.9605 95.184 100 95.1718 92.9338 90.6908 86.3282 81.2964 76.2828 71.5107 67.0447 62.9007 59.0779 55.5688 52.3632 49.4498 46.8175 44.4557 42.3552 40.5075 38.9056 37.5431 36.4152 35.5176 34.8472 34.4015 34.1791 34.1791 
36.1797 36.1797 36.4158 36.8801 37.5736 38.498 39.6553 41.0482 42.6798 44.5537 46.6735 49.0432 51.6659 54.5438 57.6763 61.0585 64.6768 68.5028 72.4793 76.4932 80.3252 83.6007 85.9359 87.7875 89.2456 87.7662 85.8906 83.5247 80.2074 76.3242 72.2523 68.2126 64.3191 60.6289 57.1703 53.9562 50.9913 48.2752 45.8053 43.5776 41.5877 39.831 38.3035 37.0012 35.9211 35.0603 34.4166 33.9884 33.7745 33.7745 
35.6316 35.6316 35.8567 36.2986 36.9579 37.8351 38.9312 40.2472 41.7839 43.5422 45.5223 47.7235 50.1434 52.7772 55.6155 58.6422 61.8306 65.1368 68.4899 71.7779 74.8332 77.442 79.4297 80.8146 81.4559 80.7871 79.3725 77.3502 74.7001 71.5966 68.2545 64.8421 61.472 58.2151 55.1151 52.1982 49.4803 46.9699 44.6715 42.5868 40.7159 39.058 37.6117 36.3755 35.3481 34.5279 33.9138 33.5049 33.3007 33.3007 
35.0182 35.0182 35.2315 35.6495 36.2723 37.0995 38.131 39.3661 40.8037 42.4422 44.2787 46.3087 48.5253 50.9182 53.4717 56.1629 58.9578 61.8074 64.6416 67.3636 69.8491 71.9593 73.5766 74.6325 75.022 74.6011 73.5122 71.8583 69.7068 67.1749 64.4015 61.5112 58.6008 55.7404 52.9789 50.3497 47.8756 45.5716 43.4476 41.51 39.7627 38.2081 36.8474 35.6813 34.7098 33.933 33.3507 32.9626 32.7686 32.7686 
34.3527 34.3527 34.5538 34.9472 35.5322 36.3079 37.273 38.4255 39.7625 41.2804 42.9736 44.8347 46.8534 49.0155 51.3015 53.6847 56.1289 58.5854 60.9907 63.2648 65.3135 67.0379 68.3495 69.1787 69.4593 69.1451 68.281 66.9318 65.1663 63.0725 60.7491 58.2901 55.7755 53.2686 50.8179 48.4591 46.2188 44.1159 42.1642 40.3735 38.7509 37.3014 36.0284 34.9342 34.0207 33.2889 32.7395 32.3731 32.1898 32.1898 
33.649 33.649 33.8377 34.2061 34.753 35.4769 36.3754 37.4455 38.6829 40.0821 41.6357 43.334 45.1645 47.1106 49.1506 51.2567 53.3931 55.5145 57.5655 59.4804 61.1864 62.6095 63.6821 64.3486 64.5659 64.3138 63.6115 62.501 61.0373 59.2873 57.3248 55.2223 53.0451 50.8486 48.6776 46.5677 44.5465 42.635 40.8495 39.2023 37.7026 36.3573 35.1719 34.1502 33.2952 32.609 32.0931 31.7486 31.5763 31.5763 
32.9209 32.9209 33.0973 33.4409 33.9501 34.6229 35.4561 36.4457 37.5863 38.8712 40.2914 41.8359 43.4907 45.2378 47.0553 48.9153 50.7843 52.6214 54.3789 56.003 57.4366 58.6225 59.5091 60.0542 60.2281 60.019 59.4378 58.5135 57.2876 55.8113 54.141 52.3338 50.4432 48.5165 46.5942 44.7096 42.8902 41.1577 39.5296 38.0196 36.6384 35.3948 34.2951 33.3447 32.5476 31.9066 31.4241 31.1016 30.9401 30.9401 
32.1819 32.1819 32.3464 32.6659 33.1385 33.7618 34.532 35.4443 36.4926 37.6691 38.9642 40.3656 41.8588 43.4255 45.0439 46.6876 48.3257 49.922 51.4358 52.8229 54.0375 55.0352 55.776 56.228 56.3695 56.1928 55.705 54.927 53.8901 52.6338 51.2021 49.6404 47.9926 46.2991 44.5955 42.9127 41.2767 39.709 38.2274 36.8464 35.5779 34.4313 33.4142 32.5328 31.7918 31.195 30.745 30.444 30.2932 30.2932 
31.4453 31.4453 31.5984 31.8948 32.3325 32.9086 33.619 34.4584 35.42 36.4955 37.6746 38.9449 40.2913 41.6962 43.1384 44.5934 46.033 47.4257 48.7367 49.9294 50.9668 51.8137 52.439 52.8181 52.9348 52.7833 52.3689 51.7071 50.8219 49.744 48.5081 47.1509 45.7087 44.2156 42.7032 41.1992 39.7279 38.31 36.963 35.7018 34.5385 33.4832 32.5443 31.7286 31.0413 30.4867 30.0681 29.7878 29.6473 29.6473 
30.7237 30.7237 30.8659 31.1406 31.5455 32.0774 32.7319 33.5035 34.3849 35.3675 36.4408 37.5922 38.807 40.0681 41.3556 42.6469 43.9167 45.1374 46.2793 47.3119 48.2051 48.9304 49.4634 49.7846 49.8818 49.7505 49.3946 48.8259 48.0633 47.1309 46.0565 44.87 43.6015 42.2804 40.9339 39.5871 38.2622 36.9789 35.7541 34.6023 33.536 32.5655 31.6995 30.9453 30.3085 29.7938 29.4048 29.1441 29.0133 29.0133 
30.0288 30.0288 30.161 30.4155 30.79 31.2811 31.8843 32.5936 33.4018 34.3001 35.278 36.3231 37.4211 38.5558 39.7085 40.8588 41.9839 43.0596 44.0605 44.961 45.7362 46.3629 46.8214 47.0964 47.1781 47.0631 46.7542 46.2608 45.5979 44.7846 43.8437 42.7997 41.6779 40.5034 39.3001 38.0903 36.8945 35.7308 34.6155 33.5627 32.5845 31.6916 30.8926 30.1951 29.6051 29.1275 28.7661 28.5236 28.402 28.402 
29.3715 29.3715 29.4946 29.7307 30.0775 30.5315 31.0881 31.7413 32.4837 33.3065 34.1995 35.1505 36.1461 37.1706 38.207 39.2366 40.2389 41.1929 42.0765 42.8679 43.5464 44.0929 44.4912 44.729 44.7983 44.6964 44.4256 43.9934 43.4117 42.6962 41.8657 40.9404 39.9421 38.892 37.8114 36.7202 35.6369 34.5784 33.5601 32.5954 31.6964 30.8733 30.135 29.4891 28.9418 28.4981 28.1619 27.9363 27.8229 27.8229 
28.7619 28.7619 28.8768 29.0964 29.4184 29.8392 30.3543 30.9575 31.6416 32.3979 33.2164 34.0854 34.992 35.9218 36.8587 37.7858 38.6849 39.537 40.3233 41.025 41.6244 42.1056 42.4551 42.6629 42.7223 42.6311 42.3912 42.0087 41.4932 40.858 40.1184 39.2918 38.3967 37.4516 36.4753 35.4855 34.4992 33.5321 32.5985 31.7114 30.8822 30.1212 29.437 28.8372 28.3282 27.9149 27.6015 27.391 27.2852 27.2852 
28.2089 28.2089 28.3165 28.5216 28.8218 29.2135 29.6922 30.2518 30.8851 31.5838 32.3379 33.1366 33.9672 34.8164 35.6694 36.5105 37.3234 38.0913 38.7975 39.4257 39.9607 40.3889 40.6991 40.8827 40.9343 40.8518 40.6369 40.2945 39.8329 39.263 38.5981 37.8528 37.0433 36.1859 35.2971 34.3931 33.4894 32.6004 31.7398 30.9196 30.1512 29.4442 28.8074 28.2482 27.7728 27.3864 27.0931 26.8959 26.7968 26.7968 
27.7202 27.7202 27.8216 28.0142 28.2957 28.6625 29.11 29.6323 30.2225 30.8722 31.572 32.3112 33.0783 33.8602 34.6435 35.4136 36.1557 36.8548 37.4958 38.0645 38.5476 38.9333 39.212 39.3763 39.4216 39.3461 39.1512 38.8412 38.4229 37.9058 37.3013 36.6223 35.8828 35.0975 34.2812 33.4485 32.6138 31.7904 30.9912 30.2279 29.5111 28.8503 28.254 27.7295 27.283 26.9198 26.6438 26.4582 26.3649 26.3649 
27.3027 27.3027 27.3989 27.5811 27.8469 28.1929 28.6145 29.106 29.6604 30.2697 30.9247 31.6153 32.3303 33.0575 33.7843 34.4971 35.1824 35.8262 36.4153 36.9368 37.3788 37.731 37.9849 38.1341 38.1745 38.1045 37.9254 37.6408 37.2568 36.7816 36.2252 35.599 34.9157 34.1884 33.4306 32.6558 31.8773 31.1077 30.359 29.6424 28.9683 28.3457 27.7831 27.2876 26.8653 26.5214 26.26 26.084 25.9955 25.9955 
26.962 26.962 27.054 27.2278 27.4812 27.8106 28.2115 28.6784 29.2043 29.7816 30.4012 31.0534 31.7274 32.4118 33.0943 33.7625 34.4036 35.0048 35.5538 36.0389 36.4494 36.776 37.0109 37.1486 37.1852 37.1195 36.9525 36.6874 36.3297 35.8866 35.3672 34.7819 34.1421 33.4598 32.7477 32.0182 31.2838 30.5565 29.8478 29.1683 28.528 27.9359 27.4002 26.9278 26.5249 26.1965 25.9467 25.7784 25.6938 25.6938 
26.7025 26.7025 26.7914 26.959 27.2029 27.5199 27.9054 28.3539 28.8586 29.412 30.0053 30.629 31.2727 31.9254 32.5754 33.2108 33.8195 34.3895 34.9093 35.3679 35.7556 36.0635 36.2848 36.4141 36.448 36.3855 36.2272 35.9763 35.6376 35.2179 34.7255 34.17 33.562 32.9128 32.2342 31.5381 30.8363 30.1404 29.4612 28.8093 28.1943 27.625 27.1094 26.6543 26.2659 25.9492 25.7081 25.5457 25.464 25.464 
26.5276 26.5276 26.6144 26.7779 27.0156 27.3243 27.6995 28.1358 28.6264 29.164 29.7399 30.3447 30.9684 31.6002 32.2288 32.8426 33.4301 33.9797 34.4804 34.9218 35.2945 35.5904 35.8027 35.9266 35.9588 35.8983 35.7457 35.504 35.1777 34.7733 34.2985 33.7624 33.1753 32.5478 31.8913 31.2172 30.5369 29.8616 29.2021 28.5685 27.9703 27.4161 26.9138 26.4703 26.0915 25.7825 25.5473 25.3888 25.309 25.309 
26.4396 26.4396 26.5254 26.6868 26.9214 27.226 27.5961 28.0262 28.5098 29.0395 29.6067 30.2022 30.8159 31.4373 32.0553 32.6585 33.2354 33.7749 34.2662 34.6991 35.0644 35.3544 35.5623 35.6835 35.7149 35.6553 35.5056 35.2684 34.9482 34.5513 34.0852 33.5588 32.982 32.3652 31.7196 31.0565 30.3869 29.7219 29.0721 28.4476 27.8577 27.3111 26.8155 26.3777 26.0038 25.6987 25.4664 25.3098 25.231 25.231 
26.4396 26.4396 26.5254 26.6868 26.9214 27.226 27.5961 28.0262 28.5098 29.0395 29.6067 30.2022 30.8159 31.4373 32.0553 32.6585 33.2354 33.7749 34.2662 34.6991 35.0644 35.3544 35.5623 35.6835 35.7149 35.6553 35.5056 35.2684 34.9482 34.5513 34.0852 33.5588 32.982 32.3652 31.7196 31.0565 30.3869 29.7219 29.0721 28.4476 27.8577 27.3111 26.8155 26.3777 26.0038 25.6987 25.4664 25.3098 25.231 25.231 
