16.4717 15.6702 15.6454 15.6664 15.6963 15.733 15.7759 15.8244 15.8779 15.9356 15.9967 16.0602 16.125 16.1901 16.2543 16.3162 16.3746 16.4282 16.4757 16.5161 16.548 16.5708 16.5836 16.5859 16.5776 16.5587 16.5295 16.4906 16.4428 16.3872 16.325 16.2574 16.1858 16.1116 16.0362 15.961 15.8871 15.8158 15.748 15.6848 15.6269 15.575 15.5297 15.4915 15.4607 15.4607 12.6364 12.6241 12.618 12.618 
12.7384 12.7384 12.7446 12.7568 12.775 12.7989 12.8283 12.8629 12.9023 12.946 12.9934 13.0439 13.0967 13.1509 13.2056 13.2597 13.3122 13.3619 13.4076 13.4483 13.4829 13.5104 13.5301 13.5414 13.5439 13.5375 13.5222 13.4985 13.4669 13.4282 13.3833 13.3333 13.2792 13.2222 13.1634 13.1039 13.0448 12.9869 12.9312 12.8785 12.8293 12.7843 12.744 12.7087 12.6789 12.6547 12.6364 12.6241 12.618 12.618 
15.4719 15.4719 15.4843 15.5088 15.5453 15.5934 15.6525 15.7221 15.8013 15.8893 15.9847 16.0864 16.1928 16.3022 16.4125 16.5219 16.6279 16.7284 16.821 16.9034 16.9735 17.0293 17.0693 17.0923 17.0974 17.0844 17.0536 17.0056 16.9417 16.8634 16.7725 16.6714 16.562 16.4469 16.3283 16.2083 16.0891 15.9726 15.8605 15.7544 15.6555 15.5651 15.484 15.4132 15.3533 15.3048 15.268 15.2434 15.231 15.231 
18.1953 18.1953 18.214 18.2511 18.3062 18.3789 18.4683 18.5736 18.6936 18.8269 18.9717 19.1261 19.2877 19.4541 19.6221 19.7888 19.9507 20.1042 20.2459 20.3721 20.4795 20.5653 20.6268 20.6621 20.6701 20.6504 20.6033 20.5299 20.4321 20.3123 20.1735 20.019 19.8522 19.6768 19.4962 19.3137 19.1327 18.9558 18.7859 18.6251 18.4754 18.3386 18.2161 18.1091 18.0186 17.9453 17.8899 17.8527 17.834 17.834 
20.9034 20.9034 20.9286 20.9786 21.0529 21.1508 21.2714 21.4135 21.5756 21.7558 21.9519 22.1611 22.3806 22.6067 22.8355 23.0628 23.2839 23.494 23.6881 23.8614 24.0092 24.1272 24.2121 24.261 24.2724 24.2455 24.181 24.0804 23.9463 23.7822 23.5922 23.381 23.1534 22.9142 22.6683 22.4204 22.1746 21.935 21.705 21.4876 21.2855 21.101 20.936 20.7919 20.6701 20.5716 20.497 20.4471 20.422 20.422 
23.5909 23.5909 23.6228 23.686 23.7801 23.9042 24.0571 24.2375 24.4434 24.6727 24.9225 25.1896 25.4701 25.7597 26.0535 26.3459 26.631 26.9025 27.1539 27.3787 27.5709 27.7248 27.8356 27.8998 27.9151 27.8806 27.7971 27.6667 27.4929 27.2805 27.0349 26.7623 26.4689 26.1614 25.8458 25.5282 25.2141 24.9083 24.6153 24.3388 24.0823 23.8483 23.6392 23.4569 23.3029 23.1784 23.0843 23.0212 22.9896 22.9896 
26.2523 26.2523 26.2911 26.3681 26.4827 26.6339 26.8205 27.0409 27.2928 27.5737 27.8803 28.2089 28.5548 28.9127 29.2767 29.64 29.9952 30.3344 30.6493 30.9318 31.1738 31.3682 31.5086 31.5903 31.6103 31.5675 31.4629 31.2993 31.0813 30.8152 30.508 30.1677 29.8024 29.4203 29.0294 28.6368 28.2495 27.8734 27.5138 27.1752 26.8615 26.5759 26.3211 26.0992 25.9119 25.7607 25.6464 25.5698 25.5314 25.5314 
28.8817 28.8817 28.9277 29.019 29.1549 29.3345 29.5563 29.8186 30.119 30.4546 30.8218 31.2161 31.6324 32.0644 32.5052 32.9465 33.3795 33.7944 34.181 34.5289 34.828 35.0688 35.2435 35.3458 35.3716 35.3196 35.191 34.9896 34.7215 34.3946 34.0181 33.6021 33.1569 32.6927 32.2192 31.7453 31.279 30.8276 30.397 29.9927 29.6188 29.2792 28.9766 28.7135 28.4918 28.3128 28.1777 28.0873 28.0419 28.0419 
31.4731 31.4731 31.5266 31.6327 31.7909 32.0001 32.2588 32.5652 32.9168 33.3105 33.7423 34.2074 34.7 35.213 35.7383 36.2664 36.7867 37.2873 37.7557 38.1789 38.5442 38.8396 39.0546 39.1813 39.2143 39.1519 38.9956 38.7505 38.4245 38.0277 37.5722 37.0704 36.5354 35.9797 35.415 34.8519 34.2999 33.7672 33.2608 32.7865 32.3492 31.9527 31.6002 31.2943 31.0368 30.8292 30.6726 30.5678 30.5153 30.5153 
34.0203 34.0203 34.0815 34.2031 34.3843 34.6244 34.9218 35.2746 35.6803 36.1357 36.6367 37.1782 37.7537 38.3556 38.9746 39.5998 40.2188 40.8174 41.3803 41.8914 42.3347 42.6948 42.9582 43.1144 43.1565 43.0821 42.8932 42.5966 42.2026 41.7244 41.1773 40.5772 39.9402 39.2816 38.6153 37.9539 37.3083 36.6878 36.1 35.5513 35.0468 34.5906 34.186 33.8354 33.5408 33.3037 33.125 33.0054 32.9456 32.9456 
36.5166 36.5166 36.5858 36.7233 36.9286 37.2007 37.5385 37.9399 38.4027 38.9237 39.4987 40.1225 40.7884 41.488 42.2113 42.9458 43.6771 44.3887 45.0618 45.6767 46.2131 46.6511 46.9734 47.166 47.2196 47.131 46.9031 46.5448 46.0697 45.4952 44.8408 44.1267 43.3728 42.5975 41.8176 41.0475 40.2995 39.5837 38.9086 38.2807 37.7053 37.1865 36.7275 36.3306 35.9977 35.7301 35.5286 35.394 35.3266 35.3266 
38.9551 38.9551 39.0325 39.1865 39.4166 39.7219 40.1016 40.5538 41.0766 41.6669 42.3209 43.0333 43.7974 44.6045 45.4438 46.3017 47.1617 48.0043 48.8073 49.546 50.1947 50.7281 51.1231 51.361 51.4294 51.3237 51.0481 50.6145 50.0414 49.3514 48.5698 47.7223 46.8333 45.9253 45.0177 44.127 43.2668 42.448 41.6793 40.9673 40.3173 39.7331 39.2176 38.7729 38.4006 38.1017 37.877 37.727 37.6519 37.6519 
41.3289 41.3289 41.4147 41.5855 41.8409 42.1804 42.6032 43.1081 43.6935 44.3567 45.0943 45.9016 46.7721 47.6972 48.6656 49.6628 50.6704 51.666 52.6229 53.5108 54.2969 54.9484 55.4345 55.7302 55.8179 55.6911 55.3559 54.829 54.1352 53.305 52.3709 51.3659 50.3201 49.2603 48.2091 47.1848 46.202 45.2721 44.4035 43.6028 42.8747 42.2225 41.6488 41.1551 40.7425 40.4119 40.1636 39.998 39.9151 39.9151 
43.6307 43.6307 43.725 43.9127 44.1938 44.568 45.0349 45.5939 46.2439 46.983 47.8087 48.7168 49.7018 50.7556 51.867 53.0212 54.1984 55.3731 56.5138 57.5831 58.5392 59.339 59.9414 60.312 60.4255 60.2718 59.8603 59.2154 58.3712 57.3682 56.2496 55.0572 53.8284 52.5949 51.3823 50.2105 49.0944 48.0453 47.071 46.1774 45.3682 44.6462 44.0129 43.4694 43.0161 42.6535 42.3815 42.2003 42.1096 42.1096 
45.8532 45.8532 45.956 46.1606 46.4674 46.8764 47.3878 48.0016 48.7176 49.5348 50.4519 51.4661 52.5729 53.7658 55.0347 56.365 57.7364 59.1211 60.4824 61.7744 62.9433 63.9318 64.685 65.1554 65.3049 65.115 64.603 63.8063 62.7715 61.5532 60.2088 58.7921 57.3493 55.9173 54.5242 53.1905 51.9307 50.755 49.67 48.6801 47.7878 46.9947 46.3013 45.7077 45.2139 44.8194 44.524 44.3272 44.2289 44.2289 
47.9893 47.9893 48.1003 48.3216 48.6536 49.097 49.6526 50.3211 51.1033 51.9997 53.0103 54.1341 55.369 56.7103 58.1502 59.6764 61.2692 62.8998 64.5269 66.0947 67.5333 68.765 69.716 70.3242 70.5282 70.2846 69.6352 68.6403 67.3609 65.8705 64.247 62.5607 60.8678 59.21 57.6166 56.1072 54.6944 53.3861 52.1868 51.0986 50.1225 49.2582 48.505 47.862 47.3282 46.9025 46.5841 46.3722 46.2664 46.2664 
50.0318 50.0318 50.1508 50.3881 50.7446 51.2213 51.8198 52.5417 53.3892 54.3641 55.4684 56.7036 58.0701 59.5668 61.1896 62.9301 64.7723 66.6893 68.6372 70.5499 72.3353 73.8834 75.094 75.9013 76.2031 75.864 75.0174 73.7635 72.1666 70.3269 68.3549 66.3435 64.3597 62.4479 60.6355 58.9385 57.3658 55.9213 54.6062 53.4197 52.3605 51.4262 50.6147 49.9238 49.3514 48.8957 48.5553 48.329 48.216 48.216 
51.9741 51.9741 52.1005 52.3529 52.7324 53.2406 53.8798 54.6528 55.5629 56.6138 57.8097 59.1549 60.6534 62.3085 64.1218 66.0915 68.2092 70.4552 72.7893 75.1381 77.3795 79.3437 80.879 81.9871 82.5226 81.9544 80.8107 79.2339 77.2202 74.9215 72.509 70.1065 67.7886 65.5963 63.5497 61.6576 59.9219 58.341 56.9115 55.6292 54.4896 53.4883 52.6213 51.885 51.2762 50.7923 50.4312 50.1913 50.0717 50.0717 
53.8099 53.8099 53.9431 54.2093 54.6098 55.1469 55.8237 56.6438 57.6121 58.7342 60.0166 61.4668 63.0929 64.9039 66.9086 69.1146 71.5265 74.1403 76.933 79.8391 82.7051 85.2364 87.0945 88.6485 89.9482 88.6232 87.0403 85.1452 82.5634 79.6356 76.6598 73.7926 71.1011 68.6091 66.3211 64.2329 62.3368 60.6239 59.0853 57.7124 56.4976 55.4341 54.5158 53.7377 53.0956 52.5859 52.206 51.9538 51.828 51.828 
55.5336 55.5336 55.6729 55.9512 56.3703 56.9328 57.6427 58.5047 59.5249 60.7108 62.0714 63.6174 65.3614 67.3183 69.5053 71.9421 74.6506 77.6538 80.9694 84.5851 88.369 91.805 93.6161 95.566 100 95.5517 93.5842 91.7461 88.2565 84.4025 80.7086 77.3109 74.2231 71.4285 68.9045 66.6292 64.5829 62.7481 61.1098 59.655 58.3727 57.2536 56.2898 55.4747 54.8032 54.2709 53.8744 53.6114 53.4803 53.4803 
57.1407 57.1407 57.285 57.5734 58.0079 58.5918 59.3294 60.2265 61.2905 62.5304 63.9576 65.5856 67.4315 69.5158 71.8641 74.5081 77.4889 80.8623 84.7113 89.1671 94.3837 100 100 100 100 100 100 100 94.3171 89.0137 84.4674 80.5269 77.0615 73.9884 71.2518 68.8106 66.6327 64.6922 62.9683 61.4437 60.1041 58.938 57.9358 57.0898 56.3936 55.8423 55.432 55.16 55.0245 55.0245 
58.6275 58.6275 58.7756 59.0718 59.5183 60.1185 60.8776 61.8019 62.8997 64.1815 65.6604 67.3526 69.2784 71.4633 73.9395 76.7483 79.9438 83.6023 87.8517 92.9916 100 100 100 100 100 100 100 100 100 92.8715 87.6263 83.2754 79.5171 76.2231 73.3167 70.7432 68.461 66.4372 64.6461 63.0668 61.6826 60.4799 59.4479 58.5778 57.8625 57.2964 56.8754 56.5964 56.4574 56.4574 
59.9914 59.9914 60.1422 60.4436 60.8981 61.5094 62.2828 63.2252 64.3456 65.6554 67.1686 68.9034 70.8823 73.1341 75.6954 78.6129 81.9451 85.7587 90.1066 94.9502 100 100 100 100 100 100 100 100 100 94.849 89.8962 85.4389 81.5185 78.082 75.0623 72.4 70.0477 67.968 66.1317 64.5156 63.1012 61.8738 60.8216 59.9351 59.2067 58.6306 58.2022 57.9184 57.7769 57.7769 
61.2312 61.2312 61.3833 61.6873 62.1457 62.7623 63.5425 64.4934 65.6242 66.9466 68.4752 70.2287 72.2306 74.5109 77.1087 80.0746 83.4746 87.3882 91.8706 96.7048 100 100 100 100 100 100 100 100 100 96.6308 91.6759 87.0736 83.046 79.5368 76.4649 73.7631 71.3796 69.2748 67.4178 65.7845 64.3558 63.1165 62.0543 61.1596 60.4246 59.8433 59.4112 59.1248 58.9822 58.9822 
62.3471 62.3471 62.4992 62.8031 63.2611 63.8771 64.6563 65.6058 66.7345 68.0537 69.578 71.3253 73.3185 75.5869 78.1686 81.1149 84.5009 88.4565 93.2874 100 100 100 100 100 100 100 100 100 100 100 93.1084 88.1417 84.0659 80.5674 77.5128 74.8251 72.452 70.3543 68.5022 66.8721 65.4454 64.2072 63.1457 62.2512 61.5162 60.9348 60.5025 60.216 60.0733 60.0733 
63.3407 63.3407 63.4914 63.7924 64.2459 64.8555 65.6261 66.5644 67.6787 68.9795 70.4801 72.1969 74.1507 76.3673 78.8795 81.7291 84.9684 88.6577 92.827 97.2354 100 100 100 100 100 100 100 100 100 97.1553 92.621 88.3274 84.5203 81.1685 78.2101 75.5912 73.2691 71.2102 69.3878 67.7808 66.3721 65.148 64.0974 63.2114 62.4829 61.9064 61.4775 61.1932 61.0516 61.0516 
64.2148 64.2148 64.3629 64.6584 65.1034 65.7012 66.4561 67.374 68.4623 69.7303 71.1895 72.8539 74.7408 76.871 79.2701 81.9681 84.9981 88.3882 92.1334 96.1172 100 100 100 100 100 100 100 100 100 96.0031 91.8995 88.0364 84.5321 81.3915 78.5855 76.0802 73.8446 71.8526 70.0827 68.5171 67.1413 65.9433 64.9135 64.0438 63.328 62.761 62.3389 62.0591 61.9196 61.9196 
64.9736 64.9736 65.1179 65.4056 65.8385 66.4194 67.1521 68.0414 69.0937 70.3164 71.7189 73.3122 75.1096 77.1263 79.3802 81.8913 84.6813 87.7744 91.2084 95.1039 100 100 100 100 100 100 100 100 100 94.9616 90.9455 87.3978 84.1945 81.2968 78.6796 76.3207 74.1994 72.2976 70.5994 69.091 67.7612 66.6001 65.5997 64.7535 64.0559 63.5028 63.0907 62.8173 62.681 62.681 
65.6224 65.6224 65.7619 66.0398 66.4575 67.0173 67.7221 68.5759 69.5835 70.7506 72.0841 73.5919 75.2827 77.1664 79.2533 81.5535 84.0768 86.8322 89.8313 93.0952 96.6256 100 100 100 100 100 100 100 96.5399 92.9039 89.5331 86.4279 83.5675 80.94 78.5362 76.3463 74.3595 72.5654 70.9537 69.5154 68.2423 67.1271 66.1637 65.347 64.6726 64.1371 63.7379 63.4727 63.3405 63.3405 
66.1676 66.1676 66.3015 66.5678 66.9677 67.5028 68.1753 68.988 69.9442 71.0479 72.3034 73.7154 75.2885 77.0272 78.9348 81.0125 83.2576 85.661 88.2012 90.8284 93.4116 95.5944 96.6974 97.7581 100 97.7374 96.652 95.5128 93.2607 90.5899 87.8674 85.2288 82.7256 80.3801 78.2017 76.1932 74.3532 72.6784 71.164 69.8052 68.5971 67.5349 66.6145 65.8323 65.1852 64.6705 64.2863 64.031 63.9036 63.9036 
66.6165 66.6165 66.7441 66.9975 67.3775 67.8852 68.522 69.2895 70.1897 71.2246 72.3962 73.7063 75.1559 76.7447 78.4701 80.326 82.3 84.3705 86.4989 88.6177 90.6069 92.2753 93.442 94.3384 95.0182 94.3012 93.3633 92.1453 90.4095 88.3401 86.1332 83.9121 81.7465 79.6756 77.722 75.898 74.21 72.6605 71.2498 69.9766 68.839 67.8349 66.9621 66.2182 65.6014 65.1101 64.7428 64.4985 64.3766 64.3766 
66.977 66.977 67.0977 67.3373 67.6961 68.1745 68.7732 69.4929 70.3341 71.2972 72.3822 73.5883 74.9133 76.3532 77.9011 79.5454 81.2683 83.042 84.8242 86.5522 88.1366 89.4692 90.467 91.1444 91.4411 91.095 90.3648 89.3074 87.9059 86.2439 84.4317 82.5608 80.6954 78.8788 77.1393 75.4952 73.9582 72.5353 71.2306 70.046 68.9824 68.0396 67.2171 66.5142 65.9301 65.4639 65.1149 64.8825 64.7665 64.7665 
67.2575 67.2575 67.3711 67.5962 67.9328 68.3809 68.9404 69.6109 70.392 71.2825 72.2807 73.3836 74.5868 75.8834 77.2636 78.7128 80.2105 81.7278 83.225 84.6494 85.9357 87.0138 87.8271 88.345 88.5204 88.2868 87.7084 86.83 85.6807 84.3173 82.8107 81.2273 79.6209 78.032 76.4899 75.0158 73.6242 72.3251 71.1256 70.03 69.0413 68.1612 67.3907 66.7302 66.18 65.7401 65.4103 65.1905 65.0807 65.0807 
67.4666 67.4666 67.573 67.7834 68.0976 68.515 69.0349 69.6562 70.3774 71.1963 72.1096 73.1128 74.1998 75.3618 76.5874 77.8606 79.1605 80.4595 81.7228 82.9073 83.9641 84.8433 85.5017 85.9064 86.0271 85.842 85.3711 84.6435 83.6911 82.5568 81.291 79.9432 78.5569 77.1678 75.8038 74.4863 73.2312 72.0505 70.9528 69.9444 69.0298 68.2122 67.4938 66.8763 66.3605 65.9474 65.6372 65.4302 65.3267 65.3267 
67.6132 67.6132 67.7124 67.9082 68.2 68.587 69.0679 69.641 70.304 71.0535 71.8855 72.7943 73.7725 74.8105 75.8959 77.0128 78.141 79.2556 80.3264 81.3187 82.1948 82.9173 83.4527 83.7744 83.8619 83.7054 83.3136 82.7059 81.9084 80.9542 79.8809 78.7264 77.526 76.3102 75.1043 73.9287 72.7996 71.7297 70.7286 69.8038 68.961 68.2044 67.5374 66.9622 66.4808 66.0943 65.8037 65.6097 65.5126 65.5126 
67.706 67.706 67.7981 67.9796 68.2497 68.6071 69.0503 69.577 70.1841 70.8679 71.6233 72.444 73.3221 74.2475 75.2076 76.1872 77.1675 78.1264 79.0384 79.8752 80.6071 81.2053 81.644 81.9026 81.9666 81.8303 81.4987 80.9854 80.3106 79.4999 78.5822 77.5872 76.5434 75.4768 74.4097 73.3611 72.3465 71.3786 70.4676 69.6217 68.8472 68.1492 67.5317 66.9977 66.5497 66.1894 65.9181 65.7367 65.6459 65.6459 
67.7534 67.7534 67.8388 68.0066 68.2558 68.585 68.9923 69.4749 70.0295 70.6517 71.3361 72.076 72.863 73.6873 74.5365 75.3964 76.2499 77.0777 77.8582 78.5681 79.1839 79.6829 80.0452 80.2547 80.3009 80.18 79.8952 79.4566 78.8799 78.1847 77.3937 76.5307 75.6189 74.6801 73.734 72.7978 71.886 71.0109 70.1829 69.4102 68.6997 68.057 67.4866 66.992 66.5761 66.2409 65.9882 65.8191 65.7344 65.7344 
67.7638 67.7638 67.8428 67.9975 68.2271 68.5297 68.9033 69.3448 69.8506 70.416 71.0354 71.7019 72.4072 73.1416 73.8935 74.6496 75.3949 76.1122 76.7835 77.3895 77.9111 78.3304 78.6316 78.8024 78.8348 78.7259 78.4782 78.0993 77.6013 76.9998 76.3128 75.5592 74.7585 73.929 73.0878 72.2502 71.4299 70.6383 69.8856 69.1801 68.5288 67.9376 67.4113 66.9537 66.5681 66.2568 66.0218 65.8644 65.7855 65.7855 
67.7449 67.7449 67.8179 67.9605 68.1717 68.4497 68.7921 69.1958 69.6569 70.1706 70.7312 71.3318 71.9644 72.6196 73.2867 73.9535 74.6065 75.2309 75.8114 76.3318 76.7767 77.1314 77.3837 77.5236 77.5451 77.4458 77.2277 76.8968 76.4626 75.9375 75.336 74.6735 73.9662 73.2297 72.4789 71.7274 70.9877 70.2705 69.5855 68.9408 68.3436 67.7996 67.314 66.8908 66.5334 66.2445 66.026 65.8796 65.8061 65.8061 
67.704 67.704 67.7714 67.9029 68.0973 68.3527 68.6667 69.036 69.4566 69.9238 70.4319 70.974 71.5425 72.1286 72.7223 73.3125 73.8873 74.4338 74.9387 75.3886 75.7706 76.073 76.2856 76.4007 76.4134 76.3219 76.1278 75.8357 75.4534 74.9909 74.4598 73.8731 73.2443 72.5868 71.9135 71.2366 70.5673 69.9157 69.2908 68.7007 68.1521 67.651 67.2025 66.8107 66.4792 66.2108 66.0077 65.8714 65.803 65.803 
67.6478 67.6478 67.7102 67.8316 68.0108 68.2458 68.5342 68.8727 69.2573 69.6832 70.1447 70.6356 71.1483 71.6745 72.2052 72.7302 73.239 73.7201 74.1622 74.554 74.8846 75.1443 75.3249 75.4199 75.4256 75.3404 75.1656 74.9051 74.5651 74.1538 73.6809 73.1572 72.5942 72.0034 71.3961 70.7832 70.1749 69.5806 69.0087 68.4667 67.9614 67.4987 67.0835 66.7201 66.4121 66.1623 65.9731 65.846 65.7822 65.7822 
67.5823 67.5823 67.6402 67.7527 67.9183 68.1353 68.4011 68.7123 69.0651 69.4548 69.876 70.3223 70.7869 71.2619 71.739 72.209 72.6623 73.089 73.4792 73.8232 74.1118 74.3367 74.4913 74.5702 74.5701 74.4901 74.331 74.0961 73.7906 73.4212 72.9961 72.5246 72.0164 71.4816 70.9301 70.3718 69.8158 69.2709 68.7449 68.245 67.7778 67.3488 66.9631 66.6249 66.3378 66.1047 65.9279 65.8091 65.7494 65.7494 
67.513 67.513 67.567 67.6716 67.8255 68.0267 68.2728 68.5604 68.8858 69.2443 69.6307 70.039 70.4627 70.8944 71.3264 71.7504 72.1577 72.5395 72.8871 73.192 73.4463 73.6432 73.7767 73.8425 73.838 73.7621 73.6157 73.4016 73.124 72.7887 72.4028 71.9742 71.5112 71.0229 70.5182 70.0057 69.494 68.9911 68.5044 68.0407 67.6063 67.2066 66.8466 66.5304 66.2616 66.043 65.8771 65.7656 65.7095 65.7095 
67.4447 67.4447 67.4954 67.5933 67.7371 67.9249 68.1541 68.4217 68.7238 69.056 69.4131 69.7896 70.1792 70.5749 70.9697 71.3557 71.7253 72.0705 72.3835 72.6568 72.8837 73.0579 73.1747 73.2301 73.2219 73.1494 73.0132 72.8156 72.5605 72.2528 71.8985 71.5046 71.0787 70.6285 70.1622 69.6877 69.2129 68.7451 68.2913 67.8582 67.4515 67.0767 66.7386 66.4411 66.1879 65.9819 65.8253 65.72 65.6671 65.6671 
67.3816 67.3816 67.4295 67.5218 67.6572 67.8338 68.0492 68.3002 68.5831 68.8937 69.2269 69.5773 69.9391 70.3056 70.6703 71.0259 71.3652 71.6812 71.9666 72.215 72.42 72.5765 72.68 72.7273 72.7163 72.6464 72.5182 72.3337 72.0963 71.8103 71.4812 71.1151 70.7186 70.2991 69.8637 69.42 68.975 68.5358 68.1091 67.701 67.3172 66.9629 66.6428 66.3609 66.1207 65.925 65.7763 65.6762 65.6258 65.6258 
67.327 67.327 67.3727 67.4605 67.5893 67.757 67.9613 68.1992 68.4669 68.7603 69.0747 69.4046 69.7446 70.0883 70.4295 70.7614 71.0773 71.3707 71.635 71.864 72.0524 72.1953 72.2887 72.3298 72.3166 72.2487 72.1267 71.9522 71.7284 71.4591 71.1493 70.8045 70.4309 70.0351 69.6238 69.204 68.7824 68.3657 67.9602 67.5719 67.2062 66.8682 66.5624 66.2929 66.0631 65.8758 65.7333 65.6373 65.589 65.589 
67.2836 67.2836 67.3277 67.4122 67.536 67.6971 67.8932 68.1212 68.3777 68.6584 68.9587 69.2735 69.5973 69.9243 70.2482 70.5627 70.8615 71.1384 71.3872 71.6024 71.7787 71.9117 71.9978 72.0343 72.0197 71.9532 71.8356 71.6684 71.4544 71.1973 70.9015 70.5722 70.2153 69.8368 69.4432 69.0411 68.6367 68.2366 67.8469 67.4732 67.1209 66.7951 66.5 66.2398 66.0177 65.8366 65.6988 65.6059 65.5592 65.5592 
67.2536 67.2536 67.2966 67.3789 67.4993 67.656 67.8466 68.0682 68.3171 68.5894 68.8805 69.1853 69.4985 69.8144 70.127 70.4301 70.7178 70.9838 71.2226 71.4286 71.597 71.7236 71.805 71.8386 71.8229 71.7575 71.6427 71.4802 71.2727 71.0234 70.7368 70.4177 70.0717 69.7046 69.3226 68.932 68.539 68.1499 67.7705 67.4065 67.0631 66.7453 66.4574 66.2033 65.9864 65.8094 65.6747 65.5839 65.5383 65.5383 
67.2383 67.2383 67.2807 67.3619 67.4806 67.6352 67.8231 68.0414 68.2866 68.5547 68.8411 69.141 69.449 69.7593 70.0663 70.3638 70.6459 70.9066 71.1404 71.3419 71.5065 71.6299 71.709 71.7412 71.725 71.66 71.5466 71.3865 71.1821 70.9367 70.6546 70.3405 69.9999 69.6384 69.2622 68.8773 68.49 68.1063 67.732 67.3729 67.034 66.7202 66.4358 66.1848 65.9704 65.7955 65.6623 65.5726 65.5275 65.5275 
67.2383 67.2383 67.2807 67.3619 67.4806 67.6352 67.8231 68.0414 68.2866 68.5547 68.8411 69.141 69.449 69.7593 70.0663 70.3638 70.6459 70.9066 71.1404 71.3419 71.5065 71.6299 71.709 71.7412 71.725 71.66 71.5466 71.3865 71.1821 70.9367 70.6546 70.3405 69.9999 69.6384 69.2622 68.8773 68.49 68.1063 67.732 67.3729 67.034 66.7202 66.4358 66.1848 65.9704 65.7955 65.6623 65.5726 65.5275 65.5275 
