15.1805 14.5961 14.5866 14.6144 14.6521 14.6981 14.7515 14.8118 14.878 14.9491 15.0242 15.102 15.1813 15.2606 15.3385 15.4135 15.4841 15.5486 15.6056 15.6537 15.6916 15.7184 15.7331 15.7353 15.7247 15.7014 15.6658 15.6186 15.5608 15.4937 15.4185 15.337 15.2508 15.1614 15.0705 14.9798 14.8906 14.8046 14.7228 14.6465 14.5766 14.514 14.4594 14.4135 14.3766 14.3766 12.3086 12.294 12.2866 12.2866 
12.4258 12.4258 12.4332 12.4478 12.4695 12.498 12.533 12.5742 12.6209 12.6728 12.7289 12.7887 12.851 12.9149 12.9793 13.0429 13.1045 13.1628 13.2163 13.264 13.3044 13.3366 13.3596 13.3729 13.3758 13.3684 13.3508 13.3232 13.2865 13.2414 13.1891 13.1306 13.0674 13.0006 12.9316 12.8618 12.7922 12.724 12.6583 12.5959 12.5377 12.4844 12.4365 12.3947 12.3592 12.3304 12.3086 12.294 12.2866 12.2866 
14.8467 14.8467 14.8616 14.891 14.9346 14.9918 15.0623 15.145 15.2391 15.3434 15.4565 15.5768 15.7024 15.8313 15.9612 16.0896 16.2141 16.3319 16.4402 16.5366 16.6185 16.6837 16.7304 16.7573 16.7634 16.7485 16.7128 16.6571 16.5828 16.4916 16.3858 16.2677 16.1399 16.0052 15.8661 15.7252 15.585 15.4477 15.3154 15.1899 15.0729 14.9657 14.8696 14.7854 14.7142 14.6564 14.6126 14.5833 14.5685 14.5685 
17.258 17.258 17.2805 17.3249 17.3907 17.4773 17.5838 17.709 17.8515 18.0095 18.181 18.3635 18.5543 18.7503 18.948 19.1438 19.3336 19.5134 19.6791 19.8265 19.952 20.052 20.1238 20.1652 20.1747 20.152 20.0975 20.0123 19.8987 19.7594 19.5978 19.4176 19.2228 19.0175 18.8058 18.5917 18.3787 18.1704 17.9699 17.7799 17.6027 17.4406 17.2953 17.1682 17.0605 16.9734 16.9073 16.863 16.8408 16.8408 
19.6544 19.6544 19.6847 19.7445 19.8331 19.9499 20.0935 20.2624 20.4549 20.6685 20.9006 21.1479 21.4068 21.673 21.9421 22.2089 22.468 22.7138 22.9406 23.1428 23.3151 23.4526 23.5515 23.6087 23.6222 23.5913 23.5167 23.4001 23.2445 23.0539 22.8329 22.5867 22.321 22.0413 21.7534 21.4625 21.1736 20.8915 20.6201 20.3633 20.1242 19.9056 19.7097 19.5386 19.3938 19.2765 19.1878 19.1282 19.0983 19.0983 
22.0307 22.0307 22.0691 22.1447 22.2569 22.4048 22.5869 22.8013 23.0458 23.3175 23.613 23.9285 24.2593 24.6002 24.9453 25.2882 25.6219 25.9392 26.2325 26.4945 26.7182 26.8972 27.0261 27.1009 27.119 27.0794 26.9829 26.8321 26.6308 26.3843 26.0989 25.7815 25.4395 25.0802 24.7109 24.3385 23.9695 23.6096 23.2641 22.9376 22.634 22.3568 22.1088 21.8923 21.7092 21.561 21.4489 21.3737 21.336 21.336 
24.3814 24.3814 24.428 24.5201 24.6568 24.8371 25.0592 25.3211 25.6201 25.953 26.3157 26.7035 27.1111 27.5321 27.9593 28.3849 28.8001 29.1959 29.5628 29.8914 30.1726 30.3982 30.5611 30.6561 30.6796 30.6306 30.5099 30.3209 30.0689 29.7605 29.4041 29.0085 28.5831 28.1373 27.6801 27.2203 26.7656 26.3232 25.8993 25.4995 25.1285 24.7902 24.4879 24.2243 24.0016 23.8216 23.6854 23.5942 23.5484 23.5484 
26.7005 26.7005 26.7558 26.8649 27.0272 27.2412 27.5052 27.817 28.1735 28.571 29.0051 29.4704 29.9606 30.4683 30.9851 31.5015 32.007 32.4903 32.9399 33.3437 33.6904 33.9693 34.1715 34.2899 34.3201 34.2605 34.1126 33.8804 33.5709 33.193 32.7569 32.2741 31.7564 31.2154 30.6624 30.1076 29.5607 29.0299 28.5227 28.0454 27.6033 27.201 26.842 26.5295 26.2658 26.0528 25.8918 25.784 25.7299 25.7299 
28.982 28.982 29.0462 29.1731 29.3619 29.6113 29.9192 30.2834 30.7006 31.1668 31.6772 32.2257 32.8054 33.4077 34.023 34.64 35.2464 35.8286 36.3722 36.8623 37.2846 37.6257 37.8738 38.02 38.0584 37.987 37.8077 37.5258 37.1503 36.6926 36.166 35.5848 34.9636 34.3169 33.6581 32.9996 32.3525 31.7266 31.1303 30.5706 30.0535 29.5839 29.1658 28.8023 28.496 28.2488 28.0622 27.9373 27.8747 27.8747 
31.2192 31.2192 31.2928 31.4382 31.6546 31.9408 32.2948 32.7142 33.1955 33.7348 34.3267 34.965 35.6419 36.3479 37.0721 37.8016 38.5219 39.2167 39.8684 40.4588 40.9698 41.3843 41.6871 41.8667 41.9154 41.8304 41.6143 41.2742 40.8217 40.2714 39.6404 38.9467 38.2084 37.443 36.6667 35.894 35.1378 34.4091 33.7173 33.0699 32.4735 31.9332 31.4531 31.0365 30.686 30.4035 30.1905 30.0479 29.9765 29.9765 
33.4054 33.4054 33.4885 33.6531 33.8983 34.2229 34.6251 35.1023 35.6514 36.2683 36.9475 37.6826 38.4652 39.2852 40.1304 40.9862 41.8358 42.6599 43.4374 44.1457 44.762 45.2644 45.6335 45.8539 45.9154 45.8146 45.5547 45.1452 44.6012 43.942 43.1892 42.3655 41.4933 40.5939 39.6863 38.7875 37.912 37.0719 36.2775 35.5368 34.8566 34.242 33.6973 33.2255 32.8293 32.5104 32.2701 32.1095 32.029 32.029 
35.5333 35.5333 35.6263 35.8107 36.0856 36.45 36.9022 37.44 38.0604 38.7594 39.5318 40.3711 41.2687 42.214 43.1937 44.1919 45.1892 46.163 47.088 47.9363 48.6792 49.2885 49.7388 50.0098 50.0879 49.9681 49.6548 49.1612 48.5072 47.718 46.8213 45.846 44.8197 43.7679 42.7131 41.6746 40.6685 39.7079 38.8036 37.9638 37.1952 36.503 35.891 35.3622 34.9188 34.5625 34.2943 34.1152 34.0255 34.0255 
37.5953 37.5953 37.6985 37.9031 38.2085 38.6139 39.1178 39.7186 40.4135 41.199 42.0704 43.0213 44.0436 45.1263 46.2557 47.4144 48.5808 49.7289 50.8283 51.8446 52.7414 53.4824 54.0341 54.3689 54.4683 54.3252 53.9459 53.3486 52.5601 51.6137 50.5454 49.3917 48.1868 46.9612 45.741 44.5477 43.3988 42.3082 41.2864 40.3419 39.4807 38.7077 38.0262 37.4387 36.9471 36.5526 36.2561 36.0581 35.9591 35.9591 
39.5837 39.5837 39.6972 39.9223 40.2587 40.7059 41.2629 41.9285 42.7006 43.5764 44.5521 45.6219 46.7785 48.0113 49.3065 50.6461 52.0065 53.3582 54.6651 55.8849 56.9713 57.8767 58.5567 58.9739 59.1016 58.9289 58.4658 57.7382 56.7829 55.6439 54.3685 53.0033 51.5905 50.1662 48.7602 47.396 46.0918 44.8615 43.7153 42.6607 41.7033 40.8468 40.0941 39.4468 38.9063 38.4732 38.1481 37.9313 37.8228 37.8228 
41.4906 41.4906 41.6144 41.8601 42.2277 42.717 43.3277 44.0592 44.9104 45.8796 46.9639 48.1591 49.4589 50.8543 52.3322 53.8748 55.4575 57.0475 58.6028 60.0716 61.3941 62.5075 63.3525 63.8785 64.0452 63.8332 63.2606 62.3667 61.2014 59.8234 58.2957 56.6779 55.0223 53.3711 51.7571 50.2052 48.7333 47.3543 46.0772 44.9084 43.8519 42.9104 42.0854 41.3779 40.7882 40.3166 39.9631 39.7274 39.6096 39.6096 
43.3081 43.3081 43.4421 43.7081 44.1065 44.6377 45.302 46.0996 47.0307 48.0948 49.2908 50.6163 52.0671 53.6365 55.3135 57.082 58.918 60.787 62.6411 64.4172 66.0375 67.4173 68.4773 69.152 69.3772 69.1076 68.3868 67.2775 65.8442 64.1657 62.3271 60.4063 58.467 56.5575 54.7126 52.9564 51.3054 49.7701 48.3575 47.0716 45.9145 44.8873 43.9902 43.2228 42.5846 42.0751 41.6935 41.4394 41.3125 41.3125 
45.0285 45.0285 45.1722 45.458 45.8864 46.4584 47.1751 48.0379 49.0482 50.2072 51.5158 52.9743 54.5814 56.3337 58.2244 60.2411 62.3631 64.557 66.7715 68.931 70.9328 72.6571 73.9967 74.8837 75.2127 74.842 73.9108 72.5226 70.7437 68.6809 66.4549 64.169 61.8997 59.6991 57.6008 55.6258 53.7866 52.0899 50.5392 49.1354 47.8781 46.7663 45.7983 44.9725 44.2871 43.7408 43.3322 43.0604 42.9246 42.9246 
46.6442 46.6442 46.7973 47.1018 47.5587 48.1697 48.9366 49.8621 50.9491 52.2007 53.6203 55.2113 56.9762 58.9165 61.0312 63.3148 65.7539 68.3223 70.9709 73.6144 76.116 78.2906 79.9769 81.1811 81.7552 81.1444 79.9003 78.1676 75.9375 73.3716 70.6566 67.9312 65.2819 62.7585 60.388 58.1837 56.1514 54.2919 52.6037 51.084 49.7291 48.5354 47.4994 46.6177 45.8875 45.3063 44.8722 44.5836 44.4396 44.4396 
48.1483 48.1483 48.31 48.6319 49.1152 49.7623 50.5761 51.5602 52.7193 54.0586 55.5843 57.3032 59.2227 61.35 63.692 66.2532 69.0337 72.023 75.1886 78.4509 81.6356 84.42 86.4457 88.1146 89.4882 88.0862 86.385 84.3178 81.4768 78.2228 74.8825 71.6334 68.5567 65.6859 63.032 60.5952 58.3709 56.3521 54.5313 52.9008 51.4535 50.1829 49.0834 48.1498 47.378 46.7647 46.307 46.003 45.8513 45.8513 
49.5347 49.5347 49.7041 50.0414 50.5484 51.2278 52.0836 53.1207 54.3451 55.7645 57.3876 59.2253 61.2896 63.5949 66.1569 68.9934 72.1229 75.5628 79.3223 83.3753 87.5631 91.314 93.2762 95.3473 100 95.3312 93.2404 91.2479 87.4371 83.1708 79.0304 75.1788 71.6441 68.4178 65.4829 62.8208 60.4137 58.2454 56.3015 54.5693 53.0378 51.6976 50.5407 49.5605 48.7516 48.1095 47.6308 47.3131 47.1546 47.1546 
50.798 50.798 50.974 51.3245 51.8516 52.5588 53.4506 54.5331 55.8139 57.3026 59.0107 60.9526 63.1454 65.61 68.3719 71.4622 74.9201 78.7982 83.1746 88.1735 93.9334 100 100 100 100 100 100 100 93.8589 88.0019 82.9019 78.4231 74.4419 70.8804 67.6859 64.8189 62.2478 59.947 57.8949 56.0739 54.4693 53.0689 51.8628 50.8426 50.0019 49.3353 48.8387 48.5093 48.345 48.345 
51.9342 51.9342 52.1154 52.4765 53.0198 53.7491 54.6697 55.7886 57.1148 58.6593 60.4361 62.4627 64.7604 67.3563 70.2837 73.5853 77.3156 81.5502 86.4154 92.2176 100 100 100 100 100 100 100 100 100 92.0834 86.1636 81.1851 76.8391 72.9985 69.5871 66.5498 63.8435 61.4339 59.2937 57.4008 55.7371 54.2883 53.0425 51.9903 51.1241 50.4377 49.9268 49.588 49.4191 49.4191 
52.9404 52.9404 53.1255 53.4942 54.0491 54.7943 55.7356 56.8806 58.2391 59.8236 61.6497 63.7369 66.1101 68.8005 71.8479 75.3025 79.2259 83.6861 88.7292 94.2869 100 100 100 100 100 100 100 100 100 94.174 88.4947 83.3298 78.7504 74.7105 71.1413 67.98 65.1756 62.6875 60.4837 58.5389 56.8327 55.349 54.0746 52.9992 52.1145 51.4139 50.8926 50.547 50.3748 50.3748 
53.8155 53.8155 54.0029 54.376 54.9376 55.6919 56.6451 57.8049 59.1817 60.7885 62.6418 64.7624 67.1768 69.919 73.0325 76.5745 80.6187 85.2539 90.5381 96.2055 100 100 100 100 100 100 100 100 100 96.123 90.3217 84.9042 80.1422 75.9762 72.3156 69.085 66.2262 63.6945 61.4552 59.4811 57.7507 56.2469 54.956 53.867 52.9714 52.2624 51.7348 51.3852 51.2109 51.2109 
54.5597 54.5597 54.7478 55.122 55.6853 56.4418 57.3975 58.5604 59.9406 61.5511 63.4084 65.5333 67.9522 70.6989 73.8178 77.3691 81.441 86.1876 91.9731 100 100 100 100 100 100 100 100 100 100 100 91.7748 85.8388 80.959 76.7619 73.0896 69.8516 66.9865 64.4489 62.204 60.2245 58.4892 56.9808 55.6858 54.5933 53.6947 52.9832 52.4538 52.1029 51.928 51.928 
55.175 55.175 55.3621 55.7342 56.2941 57.0458 57.9949 59.149 60.5178 62.1136 63.9517 66.0517 68.4379 71.1414 74.2017 77.6697 81.6101 86.0984 91.1756 96.5597 100 100 100 100 100 100 100 100 100 96.4715 90.9485 85.7339 81.1153 77.05 73.4606 70.2807 67.4582 64.9525 62.7318 60.771 59.05 57.5526 56.2661 55.18 54.2862 53.5783 53.0514 52.702 52.5279 52.5279 
55.665 55.665 55.8496 56.2165 56.7681 57.5082 58.4418 59.576 60.9192 62.4826 64.2797 66.3275 68.647 71.2642 74.2112 77.5266 81.2551 85.4382 90.0828 95.0679 100 100 100 100 100 100 100 100 100 94.9426 89.8261 85.0516 80.7425 76.8915 73.4559 70.3901 67.6541 65.2153 63.0469 61.1273 59.4388 57.9673 56.7012 55.6311 54.7497 54.0512 53.531 53.1859 53.0139 53.0139 
56.0349 56.0349 56.2155 56.5742 57.1131 57.8353 58.7455 59.8493 61.1542 62.6693 64.406 66.3779 68.6016 71.097 73.8878 77.0018 80.4716 84.3372 88.6637 93.6361 100 100 100 100 100 100 100 100 100 93.4809 88.3766 83.9253 79.9384 76.3495 73.1177 70.2096 67.5966 65.2546 63.1629 61.3044 59.665 58.2327 56.998 55.9528 55.0909 54.407 53.8974 53.5592 53.3905 53.3905 
56.2912 56.2912 56.4666 56.8145 57.3367 58.0356 58.9151 59.9797 61.2352 62.6887 64.3488 66.2255 68.3304 70.6769 73.2799 76.1556 79.3218 82.7991 86.6166 90.8229 95.4514 100 100 100 100 100 100 100 95.3587 90.6154 86.2925 82.3591 78.7665 75.4854 72.4949 69.7769 67.3147 65.0929 63.0978 61.3172 59.7407 58.3594 57.1656 56.1531 55.3168 54.6524 54.1569 53.8278 53.6637 53.6637 
56.4421 56.4421 56.6112 56.946 57.448 58.1191 58.9619 59.9799 61.1772 62.5585 64.1297 65.8968 67.8667 70.046 72.4411 75.0567 77.8943 80.949 84.2029 87.6033 90.9908 93.9 95.3851 96.8505 100 96.8283 95.3366 93.8125 90.8285 87.346 83.842 80.4808 77.3168 74.3688 71.6418 69.1344 66.8415 64.7568 62.873 61.1833 59.6808 58.3598 57.2149 56.2416 55.4362 54.7954 54.317 53.999 53.8403 53.8403 
56.4966 56.4966 56.6584 56.9784 57.4576 58.0971 58.8987 59.8644 60.9968 62.2984 63.772 65.4203 67.2455 69.2482 71.4273 73.7775 76.2869 78.9324 81.6705 84.419 87.0254 89.2361 90.7993 92.0233 92.9726 91.9836 90.7153 89.0973 86.8141 84.1211 81.2771 78.4384 75.6889 73.0732 70.6151 68.3265 66.2128 64.275 62.5122 60.9221 59.5017 58.2481 57.1582 56.2292 55.4589 54.8451 54.3862 54.0809 53.9285 53.9285 
56.4645 56.4645 56.6184 56.9223 57.3766 57.9819 58.739 59.6486 60.7117 61.9288 63.3001 64.8252 66.502 68.3266 70.2916 72.3847 74.5854 76.8613 79.1611 81.4061 83.4808 85.2408 86.5713 87.487 87.8982 87.4345 86.4627 85.0687 83.2349 81.0768 78.741 76.345 73.9693 71.6661 69.4683 67.3966 65.4636 63.6766 62.0395 60.5541 59.2209 58.0393 57.0086 56.1277 55.3956 54.8112 54.3737 54.0824 53.9369 53.9369 
56.3566 56.3566 56.5022 56.789 57.2171 57.7865 58.4971 59.3485 60.34 61.4706 62.7381 64.1394 65.6694 67.3205 69.081 70.934 72.8551 74.8089 76.746 78.5991 80.2831 81.7044 82.785 83.4807 83.7236 83.4192 82.6594 81.5096 80.0125 78.246 76.3046 74.2745 72.224 70.2035 68.2485 66.3841 64.6272 62.9896 61.4788 60.0999 58.8561 57.7491 56.7801 55.9496 55.2577 54.7044 54.2896 54.0132 53.875 53.875 
56.1839 56.1839 56.3209 56.5902 56.9915 57.5242 58.1875 58.9799 59.8996 60.9439 62.109 63.3895 64.778 66.2644 67.8346 69.4694 71.143 72.8213 74.4597 76.0031 77.3872 78.5453 79.4186 79.961 80.1294 79.8932 79.281 78.3347 77.0989 75.6322 74.0019 72.2725 70.5 68.7294 66.9952 65.3236 63.734 62.2403 60.853 59.5794 58.4248 57.393 56.4866 55.7074 55.0568 54.5355 54.1441 53.883 53.7524 53.7524 
55.9576 55.9576 56.0859 56.3376 56.7121 57.2082 57.8245 58.5586 59.4077 60.3679 61.434 62.5991 63.8543 65.1878 66.5843 68.0241 69.4819 70.9263 72.3186 73.614 74.7627 75.7147 76.4249 76.8564 76.9806 76.7841 76.279 75.4928 74.4615 73.23 71.8484 70.3665 68.8298 67.277 65.7401 64.2445 62.8102 61.4525 60.1832 59.0115 57.9441 56.9862 56.1419 55.4139 54.8046 54.3154 53.9477 53.7021 53.5792 53.5792 
55.6888 55.6888 55.8086 56.043 56.3912 56.8515 57.4219 58.0995 58.8806 59.7603 60.7326 61.7895 62.9211 64.1148 65.3552 66.6228 67.8941 69.1407 70.3299 71.4246 72.386 73.1755 73.7584 74.1065 74.2001 74.0311 73.6066 72.9456 72.0756 71.0311 69.8505 68.5729 67.2353 65.8709 64.5082 63.1709 61.8785 60.6469 59.4885 58.4135 57.4296 56.5433 55.7592 55.0814 54.5126 54.0552 53.7108 53.4806 53.3654 53.3654 
55.3886 55.3886 55.5002 55.7179 56.0406 56.4665 56.9929 57.6166 58.3333 59.1374 60.0221 60.979 61.9976 63.0654 64.167 65.284 66.3949 67.4747 68.4954 69.4268 70.2377 70.898 71.3809 71.6648 71.7354 71.5872 71.2249 70.6625 69.9208 69.0265 68.0096 66.9012 65.7317 64.5292 63.3188 62.1223 60.9581 59.8418 58.786 57.8013 56.8962 56.0777 55.3514 54.7217 54.1921 53.7655 53.4438 53.2285 53.1207 53.1207 
55.0677 55.0677 55.1714 55.3732 55.6717 56.065 56.55 57.1232 57.7797 58.5136 59.3178 60.1835 61.1002 62.0556 63.0349 64.0211 64.9947 65.9338 66.8147 67.6123 68.3015 68.8583 69.2618 69.4954 69.5481 69.4162 69.1029 68.6188 67.98 67.2073 66.3244 65.3566 64.3288 63.2649 62.187 61.1146 60.0649 59.0527 58.0906 57.1892 56.3573 55.6023 54.9303 54.3461 53.8538 53.4564 53.1564 52.9554 52.8547 52.8547 
54.7361 54.7361 54.8324 55.0193 55.2953 55.6581 56.1047 56.631 57.2321 57.9019 58.6329 59.4164 60.2422 61.0982 61.9707 62.8439 63.7004 64.5211 65.2858 65.9734 66.5636 67.0369 67.3769 67.5704 67.6092 67.4902 67.216 66.7947 66.239 65.5652 64.7926 63.9417 63.0333 62.0877 61.1242 60.1604 59.2119 58.2929 57.4153 56.5896 55.8248 55.1284 54.5068 53.965 53.5075 53.1377 52.8581 52.6706 52.5766 52.5766 
54.4033 54.4033 54.4928 54.6659 54.9211 55.256 55.6673 56.151 56.7018 57.3136 57.979 58.6894 59.4348 60.2038 60.9836 61.7598 62.5169 63.2381 63.906 64.5031 65.0123 65.4181 65.7069 65.8684 65.896 65.7875 65.5447 65.1741 64.6858 64.093 63.4113 62.6576 61.8496 61.0046 60.1394 59.2698 58.4102 57.5735 56.7713 56.0137 55.3096 54.6665 54.0909 53.5882 53.1629 52.8184 52.5577 52.3828 52.295 52.295 
54.0781 54.0781 54.1614 54.322 54.5584 54.868 55.2475 55.6928 56.1986 56.7587 57.366 58.012 58.6871 59.3807 60.0807 60.7743 61.4473 62.0851 62.6727 63.1952 63.6383 63.989 64.2365 64.3722 64.391 64.2908 64.0734 63.7439 63.3105 62.784 62.1773 61.5045 60.7806 60.0207 59.2395 58.451 57.6684 56.9038 56.1681 55.471 54.8211 54.2259 53.6918 53.2244 52.8282 52.5069 52.2635 52.1001 52.018 52.018 
53.7685 53.7685 53.8463 53.9958 54.2153 54.5024 54.8536 55.2649 55.731 56.2458 56.8022 57.3923 58.0067 58.6355 59.2677 59.8912 60.4937 61.062 61.5832 62.0443 62.4334 62.7395 62.9535 63.0685 63.0801 62.9868 62.79 62.4938 62.1051 61.6328 61.0877 60.4819 59.8282 59.1398 58.4296 57.7104 56.994 56.2918 55.6139 54.9697 54.3675 53.8146 53.3174 52.8815 52.5114 52.2108 51.9829 51.8297 51.7528 51.7528 
53.4818 53.4818 53.5547 53.6944 53.8992 54.1665 54.4932 54.8748 55.3065 55.7821 56.2949 56.837 57.3998 57.9737 58.5487 59.1137 59.6575 60.1685 60.6351 61.0462 61.3913 61.6612 61.8483 61.9466 61.9525 61.8648 61.6845 61.4153 61.0628 60.6346 60.14 59.5892 58.9936 58.3647 57.714 57.0531 56.3929 55.7438 55.1155 54.5169 53.956 53.4398 52.9748 52.5664 52.2191 51.9368 51.7225 51.5784 51.506 51.506 
53.2242 53.2242 53.2929 53.4242 53.6164 53.8669 54.1725 54.529 54.9314 55.3739 55.8498 56.3517 56.8712 57.3996 57.9272 58.4441 58.9398 59.4039 59.8262 60.1969 60.5067 60.7476 60.9131 60.9981 60.9995 60.9163 60.7493 60.5017 60.1782 59.7856 59.3318 58.8258 58.2775 57.6974 57.0958 56.4832 55.8698 55.2652 54.6786 54.1185 53.5926 53.1077 52.6702 52.2853 51.9576 51.691 51.4884 51.352 51.2835 51.2835 
53.0012 53.0012 53.0665 53.1908 53.3724 53.609 53.8971 54.2328 54.611 55.0262 55.4719 55.9408 56.4252 56.9165 57.4059 57.8839 58.341 58.7678 59.1549 59.4934 59.7753 59.9935 60.142 60.2166 60.2145 60.1347 59.9782 59.7476 59.4471 59.0826 58.6611 58.1908 57.6804 57.1394 56.5774 56.0039 55.4285 54.8603 54.3079 53.7794 53.2823 52.8233 52.4085 52.0432 51.7318 51.4783 51.2854 51.1557 51.0904 51.0904 
52.8173 52.8173 52.8798 52.9986 53.1718 53.3972 53.6715 53.9906 54.3497 54.7433 55.1651 55.6081 56.0648 56.5271 56.9866 57.4344 57.8617 58.2596 58.6195 58.9334 59.194 59.3946 59.5303 59.5969 59.5921 59.5151 59.3666 59.1489 58.866 58.5231 58.1265 57.6836 57.2025 56.6919 56.1607 55.6178 55.0722 54.5325 54.007 53.5035 53.0293 52.5909 52.1942 51.8445 51.5461 51.303 51.118 50.9935 50.9308 50.9308 
52.6762 52.6762 52.7367 52.8513 53.0183 53.2353 53.4992 53.8059 54.1508 54.5283 54.9324 55.3562 55.7925 56.2334 56.6709 57.0966 57.502 57.8788 58.219 58.515 58.76 58.9481 59.0744 59.1353 59.1286 59.0535 58.9108 58.7025 58.4324 58.1051 57.7266 57.3037 56.8441 56.3557 55.847 55.3266 54.803 54.2844 53.7789 53.294 52.8368 52.4137 52.0305 51.6925 51.4039 51.1686 50.9895 50.8688 50.8082 50.8082 
52.5807 52.5807 52.6398 52.7515 52.9144 53.1259 53.3829 53.6814 54.0168 54.3837 54.776 55.1872 55.61 56.0369 56.4599 56.8711 57.2622 57.6252 57.9525 58.2368 58.4717 58.6516 58.7718 58.829 58.821 58.7472 58.6083 58.4062 58.1443 57.8272 57.4605 57.0507 56.6051 56.1313 55.6374 55.1318 54.6227 54.118 53.6257 53.1531 52.7072 52.2942 51.9201 51.5898 51.3077 51.0776 50.9024 50.7844 50.725 50.725 
52.5324 52.5324 52.5908 52.7012 52.862 53.0707 53.3243 53.6187 53.9494 54.311 54.6975 55.1023 55.5185 55.9384 56.3543 56.7582 57.1422 57.4985 57.8194 58.098 58.3279 58.5037 58.6209 58.6763 58.6677 58.5945 58.4574 58.2584 58.0006 57.6885 57.3276 56.9243 56.4855 56.019 55.5325 55.0342 54.5322 54.0345 53.5488 53.0823 52.642 52.2341 51.8644 51.538 51.2592 51.0317 50.8584 50.7417 50.683 50.683 
52.5324 52.5324 52.5908 52.7012 52.862 53.0707 53.3243 53.6187 53.9494 54.311 54.6975 55.1023 55.5185 55.9384 56.3543 56.7582 57.1422 57.4985 57.8194 58.098 58.3279 58.5037 58.6209 58.6763 58.6677 58.5945 58.4574 58.2584 58.0006 57.6885 57.3276 56.9243 56.4855 56.019 55.5325 55.0342 54.5322 54.0345 53.5488 53.0823 52.642 52.2341 51.8644 51.538 51.2592 51.0317 50.8584 50.7417 50.683 50.683 
