12.0693 11.9458 11.9294 11.9453 11.9765 12.0174 12.065 12.1174 12.1732 12.2315 12.2912 12.3517 12.4123 12.4722 12.5306 12.5868 12.6401 12.6896 12.7345 12.774 12.8074 12.8342 12.8537 12.8656 12.8697 12.8657 12.8539 12.8345 12.8079 12.7745 12.7351 12.6904 12.6411 12.5879 12.5319 12.4736 12.414 12.3538 12.2937 12.2348 12.1783 12.1274 12.0908 12.098 12.2539 12.9428 12.6364 12.6241 12.618 12.9428 
10.7119 10.8426 10.8848 10.9337 11.0018 11.0867 11.1839 11.2902 11.4031 11.5205 11.6409 11.7627 11.8846 12.0051 12.1228 12.2361 12.3434 12.4432 12.5337 12.6135 12.6811 12.7351 12.7746 12.7986 12.8068 12.7988 12.775 12.7358 12.682 12.6146 12.5351 12.4448 12.3453 12.2383 12.1253 12.008 11.8879 11.7666 11.6455 11.5261 11.4101 11.2994 11.1967 11.1058 11.0334 10.9923 11.0095 11.1512 11.6018 12.9427 
12.0055 11.7747 11.7642 11.8496 11.9889 12.163 12.3612 12.5766 12.8044 13.0411 13.2834 13.5286 13.774 14.0166 14.2536 14.4819 14.6983 14.8994 15.0821 15.2432 15.3796 15.4888 15.5685 15.6171 15.6335 15.6175 15.5693 15.49 15.3813 15.2453 15.0848 14.9026 14.702 14.4862 14.2586 14.0223 13.7805 13.5362 13.2923 13.0517 12.8176 12.5934 12.3837 12.1951 12.0375 11.9277 11.8956 11.9947 12.3141 12.9427 
12.5939 12.4885 12.5502 12.7146 12.9446 13.2193 13.5257 13.8555 14.2025 14.5618 14.9293 15.301 15.6728 16.0407 16.4003 16.7469 17.0756 17.3815 17.6596 17.9049 18.1129 18.2794 18.401 18.4752 18.5003 18.4758 18.4022 18.2812 18.1154 17.9081 17.6635 17.3862 17.081 16.7531 16.4075 16.049 15.6823 15.3118 14.9419 14.5767 14.2204 13.8778 13.5543 13.2574 12.9971 12.7883 12.6529 12.6199 12.7187 12.9427 
12.9409 13.0377 13.2371 13.5183 13.861 14.2498 14.6737 15.1246 15.5961 16.083 16.5801 17.0826 17.5855 18.0833 18.5703 19.0403 19.4866 19.9024 20.2808 20.615 20.8986 21.1259 21.292 21.3934 21.4277 21.3942 21.2936 21.1283 20.9018 20.6191 20.2858 19.9084 19.4936 19.0484 18.5796 18.0939 17.5975 17.0963 16.5958 16.1012 15.6175 15.1502 14.705 14.2888 13.9102 13.58 13.3111 13.1161 12.9997 12.9427 
13.1916 13.4878 13.8469 14.2664 14.738 15.253 15.8035 16.3828 16.9851 17.6051 18.2373 18.8764 19.5161 20.1501 20.771 21.3712 21.942 22.4747 22.9603 23.3899 23.7549 24.0478 24.2621 24.3929 24.4371 24.3938 24.264 24.0507 23.7588 23.3948 22.9664 22.4819 21.9504 21.3809 20.7821 20.1627 19.5303 18.8924 18.2554 17.6256 17.0087 16.41 15.8352 15.2903 14.7815 14.3159 13.8998 13.5369 13.2235 12.9427 
13.3975 13.8792 14.4017 14.9692 15.5801 16.2303 16.9152 17.6298 18.3693 19.1287 19.9024 20.6846 21.4683 22.2461 23.0092 23.7482 24.4526 25.1114 25.7132 26.2466 26.7007 27.0656 27.3329 27.4962 27.5514 27.4973 27.3351 27.0689 26.7052 26.2523 25.7201 25.1196 24.4622 23.7593 23.0218 22.2603 21.4843 20.7024 19.9223 19.1509 18.3941 17.6575 16.9462 16.2648 15.6178 15.009 14.4407 13.9121 13.4172 12.9427 
13.5797 14.2344 14.9181 15.637 16.3926 17.1843 18.0098 18.8659 19.7488 20.654 21.5762 22.509 23.445 24.3757 25.2909 26.1794 27.0286 27.825 28.5545 29.2026 29.7557 30.201 30.5277 30.7274 30.795 30.7286 30.5301 30.2047 29.7607 29.2089 28.5621 27.8341 27.0392 26.1916 25.3047 24.3912 23.4624 22.5282 21.5973 20.6772 19.7742 18.8935 18.0396 17.216 16.4255 15.6696 14.9481 14.2581 13.5931 12.9427 
13.7477 14.5658 15.4068 16.2771 17.1802 18.1174 19.0883 20.0911 21.1233 22.1808 23.2586 24.3503 25.448 26.5421 27.6211 28.672 29.6797 30.628 31.4994 32.2762 32.9409 33.4774 33.8716 34.113 34.1947 34.1143 33.8742 33.4813 32.9462 32.2829 31.5076 30.6378 29.6911 28.6851 27.636 26.5587 25.4664 24.3705 23.2806 22.2046 21.1488 20.1182 19.1166 18.1465 17.2093 16.3047 15.4309 14.5841 13.7577 12.9427 
13.9059 14.8803 15.8743 16.8948 17.9461 19.0311 20.1508 21.3048 22.4914 23.7076 24.9486 26.2081 27.4778 28.7472 30.0036 31.232 32.4147 33.5322 34.5634 35.4862 36.2786 36.92 37.3926 37.6823 37.7803 37.6836 37.3953 36.9241 36.2841 35.4933 34.5721 33.5425 32.4267 31.2457 30.0192 28.7645 27.4969 26.229 24.9711 23.7317 22.5168 21.3313 20.1779 19.0582 17.9723 16.9188 15.8947 14.8953 13.914 12.9427 
14.0569 15.1814 16.3244 17.4927 18.6919 19.9257 21.1965 22.5051 23.8509 25.2318 26.6435 28.08 29.5328 30.9909 32.4402 33.8637 35.2411 36.5491 37.762 38.8525 39.793 40.5571 41.1217 41.4686 41.5861 41.47 41.1245 40.5613 39.7986 38.8597 37.7708 36.5596 35.2534 33.8778 32.4562 31.0087 29.5524 28.1012 26.6663 25.2559 23.8761 22.5309 21.2225 19.9512 18.716 17.5144 16.3424 15.1944 14.0639 12.9427 
14.2018 15.471 16.7586 18.072 19.4176 20.8001 22.2232 23.6889 25.1979 26.7488 28.3385 29.9614 31.6092 33.2705 34.9301 36.5691 38.1644 39.6884 41.1102 42.3958 43.5104 44.4202 45.0949 45.5105 45.6513 45.5119 45.0976 44.4243 43.5161 42.4031 41.1191 39.6991 38.1769 36.5835 34.9463 33.2885 31.629 29.9829 28.3614 26.7729 25.2228 23.7142 22.2483 20.8243 19.4401 18.092 16.7749 15.4827 14.208 12.9427 
14.3408 15.7493 17.1771 18.6321 20.1217 21.6518 23.2273 24.8516 26.5266 28.2524 30.0268 31.8454 33.7002 35.5801 37.4693 39.3471 41.1875 42.9584 44.6225 46.1377 47.4598 48.545 49.3536 49.8535 50.0232 49.8548 49.3563 48.5491 47.4654 46.1449 44.6313 42.969 41.1999 39.3615 37.4855 35.5982 33.7201 31.8668 30.0497 28.2763 26.5512 24.8763 23.2516 21.6751 20.1432 18.651 17.1923 15.7602 14.3465 12.9427 
14.4738 16.0161 17.5789 19.1713 20.8015 22.4769 24.2036 25.9866 27.8294 29.7336 31.6987 33.7214 35.7954 37.9099 40.0494 42.192 44.3091 46.364 48.3117 50.1004 51.6732 52.973 53.9472 54.5526 54.7588 54.5539 53.9497 52.9768 51.6785 50.1073 48.3203 46.3743 44.3213 42.2062 40.0655 37.9279 35.8152 33.7428 31.7213 29.7572 27.8536 26.0109 24.2274 22.4995 20.8222 19.1893 17.5934 16.0264 14.4793 12.9427 
14.6004 16.2701 17.9622 19.6868 21.4532 23.2703 25.1457 27.086 29.0967 31.1813 33.3413 35.5757 37.8799 40.245 42.6564 45.0923 47.5223 49.9052 52.188 54.306 56.186 57.7522 58.9347 59.6758 59.9304 59.677 58.937 57.7557 56.1909 54.3125 52.1961 49.9151 47.5342 45.1061 42.6721 40.2627 37.8994 35.5968 33.3637 31.2046 29.1206 27.1099 25.169 23.2924 21.4734 19.7043 17.9763 16.2801 14.6057 12.9427 
14.7198 16.51 18.3246 20.175 22.072 24.0256 26.0454 28.14 30.3167 32.5817 34.9389 37.3903 39.934 42.5643 45.269 48.0284 50.8117 53.5747 56.2561 58.7758 61.0378 62.9391 64.3872 65.3087 65.6329 65.3096 64.3892 62.9422 61.0422 58.7818 56.2636 53.5841 50.8231 48.0417 45.2844 42.5816 39.9532 37.411 34.961 32.6047 30.3403 28.1635 26.0683 24.0473 22.0917 20.1921 18.3384 16.5197 14.725 12.9427 
14.8312 16.7337 18.6631 20.6319 22.6521 24.7357 26.8939 29.1373 31.4759 33.9185 36.4723 39.1428 41.9324 44.8397 47.8574 50.97 54.15 57.3531 60.5117 63.528 66.2733 68.6013 70.3874 71.5593 72.0031 71.5601 70.389 68.604 66.2772 63.5333 60.5185 57.3618 54.1607 50.9827 47.8722 44.8565 41.9511 39.1631 36.494 33.9412 31.4991 29.1605 26.9164 24.757 22.6715 20.6487 18.6766 16.7433 14.8362 12.9427 
14.9334 16.9393 18.9745 21.0527 23.1875 25.3925 27.6809 30.0656 32.559 35.1733 37.9193 40.807 43.844 47.0353 50.3808 53.873 57.4927 61.2021 64.9336 68.5737 71.9469 74.8247 77.0198 78.5555 79.2772 78.5561 77.021 74.8268 71.95 68.5782 64.9397 61.2101 57.5026 53.885 50.3949 47.0516 43.8622 40.8268 37.9406 35.1955 32.5819 30.0884 27.7031 25.4136 23.2067 21.0692 18.9878 16.9488 14.9384 12.9427 
15.0254 17.1246 19.2553 21.4326 23.6718 25.9878 28.396 30.9115 33.5496 36.3257 39.2551 42.3525 45.6323 49.1071 52.7868 56.6764 60.7721 65.0534 69.4691 73.906 78.1334 81.7466 84.3258 86.379 88.0071 86.3793 84.3267 81.7481 78.1358 73.9097 69.4744 65.0606 60.7812 56.6877 52.8003 49.1227 45.6499 42.3719 39.2759 36.3476 33.5721 30.934 28.4179 26.0086 23.6907 21.449 19.2684 17.1339 15.0303 12.9427 
15.1062 17.2872 19.502 21.7668 24.0983 26.5131 29.0283 31.6615 34.4307 37.3548 40.4533 43.7467 47.2562 51.0038 55.0116 59.301 63.8906 68.7929 74.0032 79.4647 84.948 89.714 92.1677 94.6359 100 94.636 92.1681 89.7148 84.9496 79.4675 74.0076 68.7992 63.899 59.3116 55.0245 51.0189 47.2733 43.7656 40.4737 37.3763 34.4529 31.6838 29.0501 26.5337 24.117 21.7831 19.515 17.2965 15.1111 12.9427 
15.1747 17.4252 19.7114 22.0507 24.461 26.9604 29.5677 32.3025 35.1857 38.2393 41.4872 44.9554 48.6724 52.6698 56.9829 61.6512 66.72 72.2448 78.3031 85.0149 92.4896 100 100 100 100 100 100 100 92.4904 85.0169 78.3067 72.2503 66.7277 61.6611 56.9951 52.6843 48.689 44.9739 41.5073 38.2606 35.2076 32.3245 29.5892 26.9808 24.4796 22.0668 19.7243 17.4344 15.1796 12.9427 
15.23 17.5366 19.8805 22.2802 24.7543 27.3224 30.0046 32.8225 35.7992 38.9596 42.3315 45.946 49.8382 54.0491 58.6263 63.6259 69.1155 75.1818 81.9639 89.8121 100 100 100 100 100 100 100 100 100 89.8134 81.9668 75.1866 69.1225 63.6352 58.6379 54.0631 49.8544 45.9641 42.3513 38.9806 35.8208 32.8443 30.0259 27.3426 24.7728 22.2962 19.8934 17.5457 15.2349 12.9427 
15.2714 17.6199 20.007 22.4517 24.9736 27.5929 30.3312 33.2112 36.2579 39.4986 42.964 46.6893 50.7154 55.0908 59.8738 65.1346 70.9551 77.4197 84.5709 92.2762 100 100 100 100 100 100 100 100 100 92.2771 84.5733 77.424 70.9616 65.1434 59.8851 55.1044 50.7312 46.7071 42.9834 39.5193 36.2793 33.2328 30.3523 27.613 24.9919 22.4677 20.0199 17.629 15.2762 12.9427 
15.2983 17.674 20.0891 22.5628 25.1153 27.7675 30.5414 33.4608 36.5517 39.843 43.3672 47.1623 51.2729 55.7532 60.6698 66.1068 72.1706 78.9865 86.6343 94.7268 100 100 100 100 100 100 100 100 100 94.7274 86.6363 78.9904 72.1768 66.1153 60.6808 55.7666 51.2885 47.1799 43.3865 39.8635 36.573 33.4823 30.5625 27.7875 25.1336 22.5787 20.1019 17.6831 15.3031 12.9427 
15.3103 17.6982 20.1256 22.612 25.1776 27.8434 30.6317 33.5667 36.6746 39.9846 43.5303 47.3503 51.4907 56.0075 60.9713 66.4753 72.6533 79.7359 88.2624 100 100 100 100 100 100 100 100 100 100 100 88.2641 79.7396 72.6592 66.4837 60.9822 56.0207 51.5061 47.3678 43.5495 40.0051 36.6957 33.5881 30.6527 27.8633 25.1958 22.6278 20.1384 17.7073 15.3151 12.9427 
15.3075 17.6924 20.1165 22.5989 25.1598 27.8199 30.6012 33.5275 36.6246 39.9212 43.45 47.2487 51.3617 55.843 60.7588 66.1927 72.2503 79.0557 86.6873 94.7565 100 100 100 100 100 100 100 100 100 94.757 86.6893 79.0595 72.2564 66.2012 60.7697 55.8562 51.3772 47.2661 43.4691 39.9416 36.6457 33.5488 30.6221 27.8397 25.1779 22.6147 20.1292 17.7015 15.3123 12.9427 
15.29 17.657 20.0622 22.5244 25.0631 27.6984 30.4516 33.3454 36.4046 39.6562 43.1309 46.8635 50.8947 55.2725 60.0545 65.3099 71.1192 77.5643 84.6844 92.3424 100 100 100 100 100 100 100 100 100 92.3432 84.6867 77.5684 71.1255 65.3185 60.0656 55.2859 50.9103 46.8811 43.15 39.6766 36.4257 33.3667 30.4725 27.7182 25.0812 22.5401 20.0749 17.666 15.2948 12.9427 
15.2583 17.5928 19.9642 22.3904 24.8901 27.4824 30.1873 33.0261 36.0218 39.199 42.5852 46.2111 50.1116 54.327 58.9039 63.8973 69.3729 75.4141 82.1547 89.9342 100 100 100 100 100 100 100 100 100 89.9353 82.1574 75.4186 69.3796 63.9063 58.9152 54.3406 50.1274 46.2288 42.6044 39.2194 36.0429 33.0474 30.2081 27.5021 24.9082 22.4061 19.9768 17.6018 15.263 12.9427 
15.213 17.5013 19.8247 22.2001 24.6449 27.1771 29.8151 32.5783 35.4873 38.5638 41.8314 45.3157 49.0448 53.0496 57.3645 62.0278 67.0829 72.5823 78.5993 85.2471 92.625 100 100 100 100 100 100 100 92.6257 85.2489 78.6027 72.5875 67.0901 62.0373 57.3763 53.0636 49.0608 45.3336 41.8508 38.5843 35.5084 32.5996 29.8359 27.1968 24.6629 22.2157 19.8373 17.5103 15.2177 12.9427 
15.155 17.3843 19.6465 21.9572 24.3327 26.7893 29.3437 32.0131 34.8153 37.7688 40.8929 44.2076 47.7337 51.4927 55.5057 59.7931 64.3721 69.2531 74.4291 79.8409 85.2587 89.9527 92.3651 94.7778 100 94.7778 92.3654 89.9534 85.2601 79.8435 74.4332 69.259 64.38 59.8031 55.5179 51.507 47.7501 44.2257 40.9124 37.7894 34.8365 32.0343 29.3644 26.809 24.3506 21.9728 19.659 17.3932 15.1597 12.9427 
15.0854 17.244 19.4329 21.6666 23.9598 26.3271 28.7834 31.3434 34.0221 36.8347 39.796 42.9205 46.2221 49.713 53.4025 57.2947 61.3848 65.6514 70.0422 74.4438 78.6275 82.1949 84.7359 86.7501 88.3393 86.7504 84.7366 82.1962 78.6297 74.4472 70.0471 65.658 61.3933 57.3053 53.4152 49.7278 46.2388 42.9389 39.8157 36.8554 34.0433 31.3646 28.804 26.3467 23.9776 21.682 19.4453 17.2528 15.0901 12.9427 
15.0055 17.0827 19.1877 21.3334 23.533 25.7994 28.1452 30.5832 33.1254 35.7835 38.5683 41.4894 44.5541 47.767 51.1276 54.6279 58.2483 61.9504 65.6665 69.2839 72.629 75.4771 77.6453 79.1579 79.866 79.1584 77.6464 75.479 72.6319 69.288 65.6722 61.9578 58.2575 54.6391 51.1408 47.7822 44.5711 41.5079 38.5882 35.8042 33.1466 30.6043 28.1658 25.8188 23.5507 21.3487 19.2 17.0915 15.0101 12.9427 
14.9163 16.9031 18.9148 20.9632 23.0596 25.2152 27.441 29.747 32.1429 34.6373 37.2372 39.9478 42.7714 45.7063 48.7451 51.8719 55.0593 58.2627 61.4148 64.4189 67.1478 69.4579 71.2272 72.386 72.8239 72.3867 71.2287 69.4603 67.1514 64.4237 61.4211 58.2707 55.0691 51.8837 48.7588 45.7219 42.7886 39.9665 37.2571 34.658 32.164 29.768 27.4613 25.2344 23.077 20.9782 18.9269 16.9117 14.9209 12.9427 
14.8193 16.7077 18.6183 20.5613 22.5467 24.584 26.682 28.849 31.0921 33.4171 35.8281 38.3267 40.9111 43.5755 46.3076 49.0876 51.885 54.6556 57.3385 59.8549 62.1097 64.002 65.4411 66.3557 66.6771 66.3566 65.4429 64.0049 62.1138 59.8603 57.3455 54.6642 51.8954 49.0999 46.3217 43.5913 40.9286 38.3455 35.848 33.4377 31.113 28.8698 26.7021 24.6029 22.5639 20.5761 18.6302 16.7161 14.8237 12.9427 
14.7156 16.4991 18.3021 20.1334 22.0017 23.9146 25.8795 27.9026 29.9891 32.1425 34.3642 36.6532 39.005 41.4108 43.856 46.3191 48.7697 51.1671 53.4587 55.5808 57.4611 59.0251 60.2046 60.943 61.1964 60.944 60.2067 59.0284 57.4656 55.5867 53.4662 51.1762 48.7806 46.3317 43.8703 41.4268 39.0225 36.6719 34.3839 32.1628 30.0097 27.9231 25.8992 23.9331 22.0184 20.1479 18.3137 16.5073 14.72 12.9427 
14.6066 16.2798 17.97 19.6847 21.431 23.2154 25.0436 26.9202 28.8486 30.8305 32.8654 34.9503 37.079 39.2409 41.4207 43.5968 45.7409 47.8166 49.7797 51.5789 53.1581 54.4613 55.4369 56.0427 56.2489 56.0438 55.4392 54.4648 53.163 51.5852 49.7876 47.8261 45.7521 43.6096 41.4351 39.2569 37.0964 34.9689 32.8848 30.8505 28.8688 26.9402 25.0629 23.2335 21.4474 19.6988 17.9813 16.2878 14.6109 12.9427 
14.4934 16.0521 17.6255 19.2198 20.841 22.4942 24.1836 25.9127 27.6834 29.4959 31.3485 33.2368 35.1534 37.0873 39.0232 40.9408 42.8142 44.612 46.2973 47.8286 49.1623 50.2554 51.069 51.5716 51.7421 51.5728 51.0715 50.2592 49.1675 47.8352 46.3054 44.6217 42.8255 40.9536 39.0376 37.1032 35.1705 33.255 31.3675 29.5155 27.7031 25.9321 24.2023 22.5116 20.8568 19.2334 17.6364 16.0598 14.4975 12.9427 
14.3769 15.8181 17.2718 18.7433 20.2371 21.7575 23.3076 24.8896 26.5044 28.1511 29.8271 31.5272 33.2437 34.9655 36.6781 38.3629 39.997 41.5535 43.0018 44.3085 45.4393 46.3608 47.0435 47.4637 47.6059 47.4649 47.046 46.3647 45.4445 44.3152 43.01 41.5632 40.0082 38.3756 36.6923 34.9811 33.2604 31.5449 29.8455 28.17 26.5234 24.9083 23.3256 21.7743 20.2523 18.7563 17.2823 15.8255 14.3808 12.9427 
14.2582 15.5797 16.9118 18.2587 19.6241 21.0113 22.4224 23.8588 25.3205 26.8059 28.3117 29.8327 31.3609 32.8859 34.3943 35.8692 37.291 38.6367 39.8811 40.9973 41.9579 42.7372 43.3124 43.6654 43.7848 43.6667 43.3149 42.7411 41.9632 41.004 39.8893 38.6463 37.302 35.8817 34.4081 32.901 31.3771 29.8498 28.3295 26.8239 25.3386 23.8766 22.4395 21.0272 19.6385 18.2711 16.9217 15.5868 14.2619 12.9427 
14.138 15.3385 16.5478 17.7693 19.0061 20.2603 21.5336 22.8266 24.1386 25.4677 26.8104 28.1611 29.5126 30.855 32.1762 33.4615 34.6938 35.8541 36.9214 37.8741 38.6903 39.35 39.8353 40.1326 40.2332 40.1339 39.8379 39.3538 38.6955 37.8806 36.9294 35.8634 34.7045 33.4735 32.1894 30.8694 29.528 28.1774 26.8271 25.4848 24.1557 22.8433 21.5497 20.2753 19.0196 17.781 16.5571 15.3451 14.1415 12.9427 
14.017 15.0957 16.1818 17.2778 18.3861 19.5084 20.6456 21.7978 22.964 24.1421 25.3284 26.5177 27.7031 28.8757 30.0249 31.138 32.2004 33.1962 34.1082 34.9189 35.611 36.1685 36.5777 36.8279 36.9125 36.8292 36.5802 36.1722 35.616 34.9252 34.1158 33.2051 32.2106 31.1494 30.0375 28.8893 27.7175 26.5329 25.3441 24.158 22.98 21.8134 20.6606 19.5223 18.3987 17.2886 16.1904 15.1018 14.0203 12.9427 
13.8957 14.8525 15.8153 16.7862 17.7669 18.7585 19.7617 20.7761 21.8005 22.8326 23.8691 24.905 25.9341 26.9486 27.9392 28.8949 29.8037 30.6523 31.4266 32.1126 32.6964 33.1655 33.5091 33.719 33.79 33.7202 33.5115 33.169 32.7011 32.1185 31.4337 30.6606 29.8132 28.9055 27.9508 26.9612 25.9475 24.919 23.8835 22.8473 21.8151 20.7904 19.7754 18.7713 17.7783 16.796 15.8231 14.858 13.8987 12.9427 
13.7746 14.6095 15.4495 16.2959 17.1501 18.0127 18.8841 19.7636 20.6501 21.5414 22.4341 23.324 24.2056 25.072 25.9153 26.7264 27.4952 28.2107 28.8617 29.4368 29.925 30.3165 30.6027 30.7774 30.8365 30.7785 30.6049 30.3197 29.9293 29.4422 28.8682 28.2183 27.5038 26.7361 25.9259 25.0834 24.2177 23.3367 22.4472 21.5546 20.6633 19.7765 18.8964 18.0241 17.1603 16.3047 15.4565 14.6145 13.7772 12.9427 
13.6538 14.3675 15.0852 15.8081 16.5369 17.2723 18.0141 18.7618 19.5141 20.269 21.0235 21.774 22.5156 23.2426 23.9484 24.6254 25.2654 25.8595 26.3987 26.8738 27.2765 27.5987 27.8341 27.9776 28.0261 27.9786 27.836 27.6016 27.2803 26.8787 26.4045 25.8663 25.2731 24.634 23.9578 23.2527 22.5263 21.7851 21.035 20.2806 19.5257 18.7731 18.0249 17.2823 16.5459 15.8158 15.0914 14.3718 13.6561 12.9427 
13.5336 14.1266 14.7229 15.3232 15.9281 16.5379 17.1523 17.7708 18.3923 19.0148 19.6361 20.2527 20.8609 21.4559 22.0322 22.5839 23.1042 23.5862 24.0227 24.4068 24.7316 24.9913 25.1808 25.2962 25.3352 25.297 25.1824 24.9938 24.735 24.411 24.0277 23.592 23.1108 22.5912 22.0402 21.4645 20.87 20.2622 19.6458 19.0247 18.4021 17.7804 17.1615 16.5464 15.9358 15.3298 14.7282 14.1303 13.5355 12.9427 
13.414 13.8872 14.3629 14.8417 15.3238 15.8095 16.2985 16.7903 17.2838 17.7775 18.2695 18.7572 19.2373 19.7062 20.1597 20.5929 21.0009 21.3782 21.7193 22.019 22.2722 22.4744 22.6218 22.7115 22.7418 22.7122 22.6231 22.4765 22.275 22.0225 21.7235 21.3829 21.0063 20.5989 20.1662 19.7132 19.2447 18.7649 18.2775 17.7856 17.2918 16.7981 16.306 15.8164 15.33 14.847 14.3671 13.8902 13.4156 12.9427 
13.2952 13.6492 14.0051 14.3632 14.7238 15.0868 15.452 15.819 16.187 16.5548 16.9208 17.2832 17.6396 17.9872 18.3229 18.6433 18.9445 19.2227 19.474 19.6945 19.8806 20.0291 20.1372 20.2031 20.2254 20.2036 20.1383 20.0307 19.8827 19.6971 19.4771 19.2264 18.9486 18.6478 18.3279 17.9926 17.6453 17.2891 16.9269 16.5609 16.1931 15.8249 15.4577 15.092 14.7285 14.3673 14.0083 13.6515 13.2964 12.9427 
13.177 13.4125 13.6494 13.8876 14.1275 14.3689 14.6116 14.8554 15.0997 15.3436 15.5863 15.8263 16.0621 16.292 16.5137 16.7251 16.9237 17.1069 17.2723 17.4173 17.5396 17.6371 17.7082 17.7514 17.766 17.7518 17.7089 17.6382 17.541 17.4191 17.2744 17.1094 16.9264 16.7282 16.5171 16.2956 16.0659 15.8303 15.5904 15.3478 15.1037 14.8594 14.6154 14.3724 14.1306 13.8904 13.6515 13.4141 13.1778 12.9427 
13.0595 13.1771 13.2954 13.4144 13.5341 13.6546 13.7758 13.8974 14.0192 14.1409 14.2618 14.3813 14.4987 14.613 14.7233 14.8283 14.927 15.0179 15.1 15.1719 15.2325 15.2809 15.3161 15.3375 15.3447 15.3377 15.3164 15.2814 15.2333 15.1728 15.1011 15.0192 14.9284 14.8299 14.725 14.6148 14.5006 14.3833 14.2638 14.1429 14.0213 13.8994 13.7777 13.6564 13.5357 13.4157 13.2965 13.1779 13.0599 12.9427 
12.8272 12.8272 12.8272 12.8272 12.8272 12.8272 12.8272 12.8272 12.8272 12.8272 12.8272 12.8272 12.8272 12.8272 12.8272 12.8272 12.8272 12.8272 12.8272 12.8272 12.8272 12.8272 12.8272 12.8272 12.8272 12.8272 12.8272 12.8272 12.8272 12.8272 12.8272 12.8272 12.8272 12.8272 12.8272 12.8272 12.8272 12.8272 12.8272 12.8272 12.8272 12.8272 12.8272 12.8272 12.8272 12.8272 12.8272 12.8272 12.8272 12.8272 
