12.12 12.0021 11.9928 12.016 12.0543 12.1021 12.1563 12.2148 12.2762 12.3394 12.4036 12.468 12.5319 12.5945 12.6552 12.7132 12.7678 12.8183 12.8639 12.9039 12.9376 12.9645 12.9841 12.996 13 12.996 12.9842 12.9646 12.9377 12.904 12.8641 12.8186 12.7682 12.7136 12.6557 12.5952 12.5328 12.4692 12.4052 12.3418 12.2804 12.2239 12.1812 12.1815 12.3291 13.0048 12.6364 12.6241 12.618 13.0048 
10.7423 10.8908 10.9484 11.012 11.0945 11.1931 11.3034 11.4219 11.5458 11.6732 11.8023 11.9318 12.0602 12.1862 12.3083 12.425 12.535 12.6367 12.7286 12.8092 12.8773 12.9316 12.9711 12.9951 13.0032 12.9952 12.9712 12.9317 12.8775 12.8095 12.729 12.6372 12.5357 12.4259 12.3093 12.1875 12.0619 11.934 11.8052 11.677 11.551 11.4294 11.3147 11.2111 11.1254 11.0706 11.0747 11.2054 11.6508 13.0048 
12.0785 11.8727 11.8906 12.0051 12.173 12.3746 12.5987 12.8382 13.0881 13.3445 13.6044 13.8647 14.1229 14.3763 14.6219 14.8569 15.0784 15.2832 15.4684 15.631 15.7683 15.8779 15.9577 16.0063 16.0226 16.0064 15.9579 15.8782 15.7688 15.6317 15.4692 15.2842 15.0797 14.8585 14.6239 14.3788 14.1262 13.8689 13.6098 13.3517 13.0978 12.8518 12.6184 12.4042 12.2198 12.0825 12.0229 12.0961 12.3931 13.0048 
12.6942 12.6307 12.7364 12.9448 13.2177 13.5335 13.8786 14.2443 14.6239 15.0125 15.4059 15.7998 16.1906 16.574 16.9461 17.3023 17.6383 17.9493 18.2308 18.4781 18.6871 18.854 18.9756 19.0496 19.0745 19.0498 18.9759 18.8545 18.6878 18.4791 18.232 17.9509 17.6402 17.3047 16.949 16.5777 16.1951 15.8056 15.4133 15.0222 14.6367 14.2616 13.9028 13.5677 13.2671 13.0165 12.8384 12.763 12.8206 13.0048 
13.0627 13.2198 13.4794 13.8198 14.2198 14.6631 15.1381 15.6362 16.1507 16.6759 17.2067 17.7382 18.2654 18.7832 19.2861 19.7681 20.2232 20.6451 21.0273 21.3635 21.648 21.8753 22.0411 22.1421 22.176 22.1423 22.0416 21.876 21.6489 21.3648 21.0288 20.647 20.2256 19.7711 19.2897 18.7877 18.271 17.7452 17.2155 16.6872 16.1653 15.6553 15.1633 14.6967 14.2644 13.878 13.5511 13.2971 13.1214 13.0048 
13.3322 13.7062 14.1416 14.6354 15.1784 15.7609 16.3745 17.0119 17.6668 18.3336 19.0068 19.6808 20.3498 21.0074 21.6469 22.2608 22.8414 23.3805 23.8697 24.3008 24.666 24.9582 25.1716 25.3015 25.3452 25.3018 25.1721 24.9591 24.6671 24.3023 23.8715 23.3828 22.8442 22.2642 21.6511 21.0125 20.3561 19.6886 19.0165 18.3457 17.6819 17.0309 16.3986 15.7912 15.2159 14.68 14.1909 13.753 13.3631 13.0048 
13.5553 14.131 14.7455 15.4018 16.0975 16.8277 17.5871 18.37 19.1711 19.985 20.8062 21.6285 22.4455 23.2497 24.0332 24.7869 25.5011 26.1658 26.7703 27.304 27.757 28.1201 28.3854 28.5472 28.6016 28.5475 28.386 28.121 27.7583 27.3057 26.7723 26.1683 25.5043 24.7906 24.0378 23.2553 22.4522 21.6367 20.8161 19.9971 19.1859 18.388 17.6089 16.8538 16.1278 15.4354 14.7796 14.1607 13.5733 13.0048 
13.7532 14.5172 15.3074 16.1288 16.982 17.8655 18.7761 19.7099 20.6625 21.6292 22.6043 23.5816 24.5539 25.5129 26.4493 27.3523 28.2105 29.0113 29.7415 30.388 30.938 31.3796 31.7029 31.9002 31.9666 31.9005 31.7036 31.3806 30.9393 30.3898 29.7438 29.014 28.2138 27.3563 26.454 25.5187 24.5608 23.5898 22.6141 21.6409 20.6764 19.7263 18.7952 17.8873 17.0062 16.154 15.3315 14.5369 13.7645 13.0048 
13.9356 14.8773 15.8382 16.8238 17.8364 18.8762 19.9419 21.0309 22.14 23.2649 24.4003 25.5397 26.6756 27.7988 28.8986 29.9627 30.9773 31.9273 32.7966 33.5686 34.2272 34.7575 35.1464 35.3841 35.4642 35.3844 35.1471 34.7585 34.2287 33.5705 32.7989 31.9302 30.9808 29.9668 28.9035 27.8046 26.6824 25.5477 24.4096 23.2758 22.1527 21.0455 19.9583 18.8942 17.8555 16.8429 15.8557 14.8908 13.9431 13.0048 
14.1071 15.218 16.3445 17.4919 18.6636 19.8611 21.0843 22.332 23.6018 24.8901 26.1921 27.5014 28.81 30.1081 31.3836 32.6226 33.8088 34.9241 35.9489 36.8626 37.6449 38.2767 38.7413 39.0256 39.1215 39.026 38.742 38.2778 37.6464 36.8645 35.9512 34.927 33.8123 32.6267 31.3885 30.1137 28.8166 27.509 26.2009 24.9002 23.6131 22.3447 21.0982 19.8759 18.6788 17.5065 16.3573 15.2277 14.1124 13.0048 
14.2702 15.543 16.8298 18.1358 19.4651 20.8202 22.2021 23.6109 25.045 26.5017 27.9767 29.4639 30.9551 32.4399 33.9053 35.3353 36.7112 38.0115 39.2122 40.288 41.2132 41.9632 42.5164 42.8557 42.9702 42.856 42.5171 41.9643 41.2147 40.2899 39.2146 38.0143 36.7146 35.3393 33.9099 32.4453 30.9613 29.471 27.9848 26.5108 25.0551 23.6219 22.2139 20.8323 19.4772 18.1471 16.8394 15.5502 14.274 13.0048 
14.426 15.8541 17.2957 18.7565 20.2409 21.7524 23.2933 24.8645 26.4657 28.0951 29.7491 31.4222 33.1065 34.7912 36.4622 38.1021 39.6893 41.1984 42.6005 43.8641 44.9567 45.8465 46.5053 46.9106 47.0476 46.911 46.5061 45.8476 44.9581 43.866 42.6028 41.2012 39.6926 38.106 36.4667 34.7963 33.1123 31.4288 29.7564 28.1032 26.4745 24.8739 23.3031 21.7624 20.2506 18.7653 17.3032 15.8595 14.4288 13.0048 
14.5747 16.1518 17.7426 19.3534 20.9895 22.6553 24.3541 26.0881 27.8582 29.6638 31.5024 33.3695 35.2576 37.1561 39.0505 40.9217 42.7455 44.4924 46.1274 47.6114 48.9029 49.9608 50.7479 51.2339 51.3985 51.2343 50.7486 49.9619 48.9043 47.6132 46.1296 44.495 42.7487 40.9253 39.0546 37.1608 35.2629 33.3754 31.509 29.671 27.8659 26.0961 24.3623 22.6635 20.9974 19.3605 17.7484 16.1559 14.5769 13.0048 
14.7164 16.4356 18.1696 19.9251 21.7085 23.5251 25.3796 27.2755 29.2152 31.1995 33.2274 35.2957 37.3982 39.5251 41.6619 43.7887 45.8788 47.8982 49.8052 51.5511 53.0827 54.346 55.2916 55.8787 56.0782 55.879 55.2923 54.347 53.084 51.5528 49.8073 47.9007 45.8817 43.792 41.6658 39.5295 37.4031 35.3011 33.2333 31.2058 29.2219 27.2824 25.3866 23.532 21.7149 19.9308 18.1742 16.4389 14.7181 13.0048 
14.8507 16.7047 18.575 20.469 22.3942 24.3572 26.3638 28.4193 30.5276 32.6915 34.912 37.1878 39.5145 41.8842 44.2834 46.6923 49.0827 51.4165 53.6442 55.7053 57.5307 59.0489 60.194 60.9109 61.1568 60.9112 60.1946 59.0498 57.532 55.7069 53.6461 51.4188 49.0854 46.6954 44.287 41.8882 39.519 37.1926 34.9172 32.6971 30.5334 28.4252 26.3697 24.3628 22.3995 20.4736 18.5787 16.7073 14.852 13.0048 
14.9767 16.9577 18.9565 20.9819 23.0422 25.1455 27.2992 29.5102 31.7845 34.1271 36.5414 39.0288 41.588 44.2138 46.8952 49.6145 52.3433 55.0408 57.6498 60.0951 62.286 64.1251 65.5244 66.4143 66.727 66.4145 65.5249 64.1259 62.2871 60.0966 57.6516 55.043 52.3458 49.6173 46.8985 44.2174 41.592 39.0331 36.546 34.1319 31.7895 29.5152 27.3042 25.1502 23.0466 20.9856 18.9595 16.9598 14.9778 13.0048 
15.0938 17.1927 19.3115 21.4598 23.6473 25.8834 28.1773 30.5378 32.9731 35.4909 38.0976 40.7981 43.5951 46.4876 49.4694 52.527 55.6354 58.7538 61.8191 64.7395 67.3931 69.641 71.3644 72.4947 72.9226 72.495 71.3648 69.6417 67.3942 64.7408 61.8207 58.7557 55.6376 52.5296 49.4723 46.4908 43.5987 40.802 38.1016 35.4951 32.9775 30.5421 28.1815 25.8874 23.6509 21.4629 19.3139 17.1944 15.0947 13.0048 
15.2009 17.408 19.6369 21.8985 24.2038 26.5636 28.9889 31.4906 34.0794 36.7658 39.56 42.4711 45.5067 48.672 51.9679 55.3886 58.9174 62.5199 66.1332 69.6508 72.9061 75.6814 77.7974 79.2778 79.9736 79.278 77.7978 75.682 72.907 69.6519 66.1347 62.5216 58.9194 55.391 51.9706 48.6749 45.5099 42.4744 39.5635 36.7695 34.0831 31.4943 28.9925 26.567 24.2068 21.9011 19.6389 17.4094 15.2016 13.0048 
15.2972 17.6014 19.9296 22.2936 24.7057 27.1783 29.7241 32.3562 35.088 37.9331 40.9055 44.0195 47.2887 50.7259 54.3417 58.1423 62.1258 66.275 70.5432 74.8244 78.8993 82.381 84.8662 86.8454 88.4161 86.8456 84.8665 82.3814 78.9 74.8253 70.5445 66.2766 62.1276 58.1444 54.344 50.7285 47.2915 44.0224 40.9086 37.9362 35.0912 32.3594 29.7272 27.1811 24.7082 22.2957 19.9313 17.6026 15.2978 13.0048 
15.3815 17.7711 20.1864 22.6406 25.1471 27.7198 30.3732 33.1223 35.9832 38.973 42.1097 45.4127 48.9026 52.6012 56.5307 60.7131 65.1685 69.9114 74.9403 80.2042 85.4858 90.077 92.4412 94.8216 100 94.8217 92.4414 90.0773 85.4864 80.2049 74.9414 69.9127 65.1701 60.7149 56.5327 52.6035 48.9051 45.4153 42.1124 38.9757 35.986 33.125 30.3758 27.7222 25.1492 22.6424 20.1878 17.772 15.382 13.0048 
15.453 17.9149 20.4043 22.9353 25.5223 28.1807 30.9264 33.7766 36.7497 39.8659 43.1475 46.619 50.3081 54.2457 58.4667 63.0108 67.9238 73.2617 79.1026 85.5662 92.763 100 100 100 100 100 100 100 92.7633 85.5668 79.1034 73.2628 67.9252 63.0124 58.4685 54.2476 50.3102 46.6213 43.1498 39.8683 36.7521 33.7789 30.9286 28.1827 25.5242 22.9368 20.4055 17.9158 15.4534 13.0048 
15.5109 18.0314 20.5807 23.1739 25.8263 28.5543 31.3752 34.3079 37.3731 40.5936 43.9953 47.6078 51.465 55.6067 60.0797 64.9398 70.2542 76.1091 82.6421 90.1951 100 100 100 100 100 100 100 100 100 90.1955 82.6428 76.11 70.2554 64.9412 60.0813 55.6084 51.4668 47.6097 43.9974 40.5957 37.3751 34.3099 31.3771 28.556 25.8278 23.1752 20.5817 18.0321 15.5112 13.0048 
15.5544 18.1189 20.7134 23.3532 26.0547 28.8349 31.7122 34.7069 37.8411 41.1401 44.6325 48.3518 52.3374 56.6363 61.3057 66.4147 72.0442 78.2783 85.1618 92.5721 100 100 100 100 100 100 100 100 100 92.5724 85.1623 78.2791 72.0452 66.4159 61.3071 56.6378 52.339 48.3535 44.6343 41.1419 37.8429 34.7086 31.7139 28.8364 26.056 23.3543 20.7142 18.1195 15.5547 13.0048 
15.5831 18.1766 20.8006 23.471 26.2044 29.0183 31.932 34.9663 38.1445 41.4932 45.0429 48.8297 52.8964 57.2956 62.0923 67.3689 73.2298 79.7982 87.1547 94.9317 100 100 100 100 100 100 100 100 100 94.9319 87.1551 79.7989 73.2307 67.3699 62.0934 57.2969 52.8978 48.8312 45.0445 41.4947 38.146 34.9677 31.9334 29.0196 26.2055 23.4719 20.8013 18.1771 15.5833 13.0048 
15.5966 18.2037 20.8414 23.5258 26.2734 29.1021 32.0312 35.0817 38.2774 41.6452 45.2164 49.0276 53.1231 57.5573 62.3989 67.7389 73.7079 80.5302 88.727 100 100 100 100 100 100 100 100 100 100 100 88.7273 80.5307 73.7086 67.7398 62.3999 57.5584 53.1243 49.0288 45.2177 41.6466 38.2787 35.083 32.0324 29.1032 26.2744 23.5266 20.8421 18.2041 15.5968 13.0048 
15.595 18.2002 20.8357 23.5173 26.2614 29.0856 32.0089 35.052 38.2383 41.594 45.1497 48.9412 53.0111 57.4116 62.2073 67.4799 73.3328 79.8877 87.2232 94.9701 100 100 100 100 100 100 100 100 100 94.9702 87.2235 79.8882 73.3334 67.4807 62.2082 57.4125 53.0121 48.9423 45.1509 41.5952 38.2394 35.0531 32.0099 29.0866 26.2623 23.518 20.8362 18.2005 15.5951 13.0048 
15.5782 18.1664 20.784 23.4463 26.1694 28.9701 31.8668 34.8792 38.0296 41.3429 44.8474 48.5763 52.5685 56.8706 61.5388 66.6408 72.2558 78.4647 85.308 92.6574 100 100 100 100 100 100 100 100 100 92.6575 85.3083 78.4651 72.2563 66.6414 61.5395 56.8715 52.5694 48.5772 44.8484 41.3438 38.0306 34.8802 31.8676 28.9709 26.1701 23.4469 20.7844 18.1667 15.5784 13.0048 
15.5469 18.1031 20.6874 23.3146 25.9997 28.7587 31.6088 34.5685 37.6582 40.9004 44.3207 47.9481 51.8161 55.9637 60.4365 65.2887 70.5849 76.4073 82.8869 90.3516 100 100 100 100 100 100 100 100 100 90.3517 82.8871 76.4077 70.5853 65.2892 60.4372 55.9644 51.8169 47.949 44.3216 40.9013 37.659 34.5693 31.6096 28.7594 26.0003 23.3151 20.6878 18.1033 15.5471 13.0048 
15.5016 18.0116 20.5482 23.1249 25.756 28.4563 31.2413 34.1279 37.1342 40.28 43.587 47.0794 50.7842 54.7314 58.9549 63.4926 68.3877 73.6929 79.4806 85.862 92.9351 100 100 100 100 100 100 100 92.9352 85.8621 79.4809 73.6933 68.3881 63.4931 58.9555 54.7321 50.7849 47.0801 43.5877 40.2807 37.1349 34.1286 31.242 28.4569 25.7566 23.1254 20.5485 18.0118 15.5017 13.0048 
15.4431 17.8936 20.3687 22.881 25.4433 28.069 30.7723 33.5676 36.4708 39.4983 42.6679 45.9984 49.5098 53.223 57.1592 61.339 65.7807 70.4961 75.4808 80.6807 85.8785 90.3778 92.6894 94.9998 100 94.9998 92.6894 90.3779 85.8786 80.6809 75.481 70.4964 65.781 61.3394 57.1597 53.2236 49.5104 45.999 42.6685 39.4989 36.4714 33.5682 30.7728 28.0696 25.4437 22.8813 20.369 17.8938 15.4432 13.0048 
15.3723 17.751 20.1521 22.587 25.0671 27.6044 30.211 32.8996 35.683 38.5746 41.5879 44.7365 48.0338 51.4916 55.1199 58.9236 62.8998 67.0299 71.2659 75.5017 79.5205 82.9435 85.3799 87.3098 88.8315 87.3098 85.3799 82.9435 79.5207 75.5018 71.2661 67.0302 62.9002 58.924 55.1203 51.4921 48.0343 44.7371 41.5884 38.5751 35.6835 32.9001 30.2115 27.6048 25.0675 22.5873 20.1524 17.7512 15.3724 13.0048 
15.2904 17.5861 19.9018 22.2476 24.6338 27.0704 29.5679 32.1367 34.7871 37.5292 40.3726 43.3261 46.397 49.5899 52.905 56.3359 59.8652 63.458 67.0513 70.5395 73.7586 76.4956 78.5771 80.0279 80.7065 80.028 78.5772 76.4957 73.7587 70.5396 67.0516 63.4582 59.8655 56.3362 52.9054 49.5903 46.3975 43.3266 40.3731 37.5296 34.7875 32.1372 29.5684 27.0708 24.6341 22.2479 19.902 17.5862 15.2905 13.0048 
15.1986 17.4012 19.6214 21.8681 24.1499 26.4756 28.8536 31.2923 33.7995 36.3824 39.0472 41.7984 44.6384 47.5659 50.5743 53.6498 56.7671 59.8854 62.9421 65.8464 68.4787 70.7033 72.405 73.5185 73.9387 73.5185 72.4051 70.7034 68.4789 65.8466 62.9423 59.8857 56.7674 53.6501 50.5747 47.5662 44.6388 41.7988 39.0476 36.3828 33.7999 31.2927 28.854 26.4759 24.1502 21.8683 19.6216 17.4013 15.1986 13.0048 
15.0979 17.1986 19.3146 21.4533 23.6222 25.8284 28.0787 30.3794 32.7362 35.1538 37.6353 40.182 42.7924 45.4609 48.1768 50.9218 53.668 56.3746 58.9851 61.4255 63.6067 65.4338 66.8214 67.7022 68.0113 67.7023 66.8215 65.4339 63.6068 61.4256 58.9853 56.3748 53.6682 50.9221 48.1771 45.4612 42.7927 40.1824 37.6357 35.1541 32.7366 30.3797 28.079 25.8286 23.6224 21.4535 19.3147 17.1987 15.0979 13.0048 
14.9895 16.9808 18.985 21.0084 23.0572 25.1371 27.2533 29.4104 31.6122 33.8612 36.1583 38.502 40.8882 43.3086 45.75 48.1927 50.6086 52.96 55.1982 57.2637 59.0889 60.6039 61.7446 62.4578 62.7022 62.4578 61.7446 60.604 59.089 57.2639 55.1984 52.9602 50.6088 48.1929 45.7503 43.3089 40.8885 38.5023 36.1586 33.8615 31.6125 29.4107 27.2535 25.1373 23.0574 21.0086 18.9851 16.9809 14.9896 13.0048 
14.8747 16.75 18.6362 20.5383 22.4612 24.4095 26.3869 28.3968 30.4411 32.5207 34.6346 36.7797 38.9498 41.1354 43.3221 45.4903 47.6136 49.6586 51.5841 53.3424 54.8813 56.1483 57.0952 57.6823 57.8817 57.6824 57.0953 56.1484 54.8814 53.3425 51.5842 49.6587 47.6138 45.4905 43.3223 41.1356 38.9501 36.7799 34.6349 32.5209 30.4413 28.397 26.3872 24.4097 22.4614 20.5384 18.6363 16.7501 14.8747 13.0048 
14.7544 16.5085 18.2714 20.0472 21.8399 23.6526 25.4883 27.3487 29.2347 31.1458 33.0798 35.0322 36.9961 38.961 40.9128 42.8327 44.697 46.4766 48.1372 49.6404 50.9457 52.0129 52.8057 53.2946 53.46 53.2946 52.8057 52.013 50.9458 49.6405 48.1373 46.4768 44.6972 42.8329 40.913 38.9612 36.9963 35.0324 33.08 31.146 29.2349 27.3489 25.4885 23.6528 21.84 20.0474 18.2715 16.5086 14.7544 13.0048 
14.6297 16.2582 17.8937 19.5395 21.1984 22.873 24.5648 26.275 28.0032 29.7481 31.5065 33.2734 35.0413 36.7998 38.5354 40.2309 41.8653 43.4136 44.8477 46.1365 47.2482 48.1519 48.82 49.2305 49.369 49.2305 48.82 48.1519 47.2483 46.1366 44.8478 43.4138 41.8654 40.231 38.5355 36.8 35.0415 33.2736 31.5067 29.7483 28.0034 26.2751 24.565 22.8731 21.1986 19.5396 17.8938 16.2582 14.6297 13.0048 
14.5014 16.0008 17.5057 19.0186 20.5414 22.076 23.6232 25.1831 26.7551 28.3368 29.9248 31.5137 33.0958 34.6615 36.1981 37.6902 39.1195 40.4651 41.7034 42.8097 43.7587 44.5265 45.092 45.4384 45.5551 45.4384 45.092 44.5266 43.7588 42.8098 41.7035 40.4652 39.1197 37.6903 36.1982 34.6616 33.096 31.5138 29.925 28.337 26.7552 25.1833 23.6233 22.0761 20.5416 19.0187 17.5058 16.0009 14.5014 13.0048 
14.3703 15.738 17.1098 18.4876 19.8728 21.2664 22.6687 24.0794 25.4971 26.9194 28.3423 29.7606 31.167 32.5523 33.9052 35.2123 36.4577 37.6237 38.6912 39.6401 40.4505 41.1035 41.5829 41.876 41.9746 41.876 41.583 41.1036 40.4506 39.6402 38.6913 37.6238 36.4578 35.2124 33.9054 32.5524 31.1671 29.7607 28.3425 26.9195 25.4973 24.0795 22.6688 21.2665 19.8729 18.4877 17.1099 15.738 14.3703 13.0048 
14.2371 15.471 16.708 17.9493 19.1958 20.448 21.7059 22.9686 24.2346 25.5012 26.7645 28.0194 29.2592 30.4755 31.6584 32.796 33.8751 34.8809 35.7977 36.6092 37.2996 37.8542 38.2603 38.5081 38.5914 38.5082 38.2604 37.8543 37.2997 36.6093 35.7978 34.881 33.8753 32.7962 31.6585 30.4756 29.2593 28.0195 26.7647 25.5013 24.2348 22.9688 21.706 20.4481 19.1959 17.9494 16.7081 15.4711 14.2371 13.0048 
14.1024 15.2011 16.3019 17.4057 18.5131 19.624 20.7382 21.8547 22.9716 24.0863 25.1952 26.2934 27.3748 28.4322 29.4567 30.4384 31.366 32.2273 33.0094 33.6994 34.2846 34.7534 35.096 35.3048 35.3749 35.3048 35.096 34.7535 34.2846 33.6994 33.0095 32.2273 31.3661 30.4385 29.4568 28.4323 27.3749 26.2935 25.1953 24.0864 22.9717 21.8548 20.7383 19.6241 18.5131 17.4058 16.302 15.2011 14.1024 13.0048 
13.9665 14.9289 15.8928 16.8587 17.8267 18.7968 19.7683 20.7403 21.7108 22.6773 23.6365 24.5841 25.5146 26.4217 27.2979 28.1349 28.9231 29.6527 30.3133 30.8943 31.3859 31.7789 32.0656 32.2401 32.2986 32.2401 32.0656 31.7789 31.386 30.8944 30.3133 29.6528 28.9232 28.1349 27.298 26.4218 25.5147 24.5842 23.6366 22.6774 21.7108 20.7403 19.7684 18.7969 17.8268 16.8587 15.8929 14.929 13.9665 13.0048 
13.8298 14.6554 15.4819 16.3095 17.1383 17.9681 18.7981 19.6273 20.4539 21.2757 22.0896 22.8918 23.6778 24.4421 25.1785 25.88 26.539 27.1473 27.6967 28.1788 28.5859 28.9107 29.1474 29.2913 29.3396 29.2913 29.1474 28.9108 28.5859 28.1789 27.6967 27.1473 26.539 25.8801 25.1786 24.4422 23.6779 22.8919 22.0896 21.2757 20.454 19.6273 18.7982 17.9681 17.1384 16.3095 15.4819 14.6554 13.8298 13.0048 
13.6927 14.381 15.0697 15.7591 16.449 17.1391 17.8287 18.5168 19.2019 19.8819 20.5543 21.2158 21.8627 22.4904 23.094 23.6677 24.2054 24.7008 25.1473 25.5384 25.8681 26.1308 26.322 26.4381 26.4771 26.4381 26.322 26.1308 25.8681 25.5385 25.1473 24.7009 24.2055 23.6677 23.094 22.4905 21.8627 21.2159 20.5543 19.882 19.202 18.5169 17.8288 17.1392 16.4491 15.7591 15.0697 14.381 13.6927 13.0048 
13.5553 14.106 14.657 15.2082 15.7595 16.3107 16.8609 17.4095 17.955 18.4958 19.0298 19.5545 20.0667 20.563 21.0393 21.4913 21.9143 22.3033 22.6533 22.9595 23.2172 23.4224 23.5716 23.6621 23.6925 23.6621 23.5716 23.4224 23.2172 22.9595 22.6533 22.3033 21.9143 21.4914 21.0394 20.563 20.0667 19.5545 19.0299 18.4958 17.955 17.4095 16.861 16.3107 15.7596 15.2082 14.657 14.106 13.5553 13.0048 
13.4177 13.8308 14.2439 14.6572 15.0703 15.483 15.8949 16.3051 16.7127 17.1165 17.5147 17.9056 18.2867 18.6555 19.009 19.344 19.6571 19.9447 20.2032 20.429 20.6189 20.77 20.8798 20.9464 20.9687 20.9464 20.8798 20.77 20.619 20.429 20.2032 19.9447 19.6571 19.3441 19.009 18.6555 18.2867 17.9056 17.5148 17.1165 16.7128 16.3052 15.8949 15.4831 15.0703 14.6572 14.2439 13.8308 13.4177 13.0048 
13.2801 13.5555 13.8309 14.1062 14.3815 14.6563 14.9305 15.2034 15.4744 15.7427 16.0071 16.2664 16.519 16.7633 16.9972 17.2187 17.4255 17.6153 17.7857 17.9345 18.0595 18.1589 18.2311 18.2749 18.2896 18.2749 18.2311 18.1589 18.0595 17.9345 17.7857 17.6153 17.4255 17.2187 16.9972 16.7633 16.5191 16.2664 16.0071 15.7427 15.4744 15.2034 14.9305 14.6563 14.3815 14.1062 13.8309 13.5555 13.2801 13.0048 
13.1424 13.2801 13.4178 13.5554 13.693 13.8303 13.9673 14.1036 14.2389 14.3727 14.5046 14.6339 14.7598 14.8814 14.9979 15.108 15.2109 15.3052 15.3898 15.4637 15.5258 15.5751 15.6109 15.6326 15.6399 15.6326 15.6109 15.5751 15.5258 15.4637 15.3898 15.3052 15.2109 15.1081 14.9979 14.8814 14.7598 14.6339 14.5046 14.3727 14.2389 14.1036 13.9673 13.8304 13.693 13.5555 13.4178 13.2801 13.1424 13.0048 
12.8671 12.8671 12.8671 12.8671 12.8671 12.8671 12.8671 12.8671 12.8671 12.8671 12.8671 12.8671 12.8671 12.8671 12.8671 12.8671 12.8671 12.8671 12.8671 12.8671 12.8671 12.8671 12.8671 12.8671 12.8671 12.8671 12.8671 12.8671 12.8671 12.8671 12.8671 12.8671 12.8671 12.8671 12.8671 12.8671 12.8671 12.8671 12.8671 12.8671 12.8671 12.8671 12.8671 12.8671 12.8671 12.8671 12.8671 12.8671 12.8671 12.8671 
