12.1186 12.0005 11.991 12.014 12.0522 12.0998 12.1538 12.2121 12.2734 12.3365 12.4006 12.4649 12.5287 12.5912 12.6518 12.7098 12.7644 12.8148 12.8604 12.9004 12.9341 12.961 12.9806 12.9925 12.9965 12.9925 12.9807 12.9611 12.9343 12.9006 12.8606 12.8151 12.7648 12.7103 12.6524 12.5919 12.5296 12.4661 12.4022 12.3389 12.2776 12.2213 12.1788 12.1793 12.327 13.003 12.6364 12.6241 12.618 13.003 
10.7415 10.8895 10.9467 11.0099 11.0921 11.1903 11.3003 11.4184 11.542 11.6691 11.7981 11.9274 12.0556 12.1814 12.3034 12.4201 12.53 12.6316 12.7235 12.8041 12.8721 12.9264 12.966 12.99 12.9981 12.9901 12.9661 12.9266 12.8724 12.8044 12.7239 12.6322 12.5307 12.421 12.3045 12.1828 12.0573 11.9296 11.801 11.673 11.5473 11.4259 11.3116 11.2083 11.1229 11.0685 11.073 11.2039 11.6494 13.003 
12.0765 11.87 11.8872 12.0009 12.1681 12.3689 12.5924 12.8313 13.0806 13.3365 13.5959 13.8559 14.1137 14.3668 14.6122 14.847 15.0684 15.2731 15.4583 15.6208 15.7581 15.8677 15.9475 15.9961 16.0124 15.9962 15.9478 15.8681 15.7587 15.6215 15.4591 15.2742 15.0697 14.8487 14.6143 14.3694 14.1171 13.8601 13.6014 13.3437 13.0904 12.8449 12.6121 12.3986 12.2149 12.0783 12.0195 12.0934 12.3909 13.003 
12.6914 12.6269 12.7314 12.9386 13.2105 13.5251 13.8693 14.2339 14.6127 15.0006 15.3932 15.7866 16.1769 16.56 16.9317 17.2877 17.6235 17.9344 18.2158 18.4631 18.6721 18.839 18.9606 19.0346 19.0595 19.0348 18.961 18.8395 18.6728 18.4641 18.2171 17.936 17.6255 17.2902 16.9347 16.5637 16.1816 15.7926 15.4008 15.0104 14.6257 14.2514 13.8935 13.5594 13.2599 13.0104 12.8334 12.7592 12.8177 13.003 
13.0594 13.2148 13.4729 13.8117 14.2102 14.652 15.1257 15.6226 16.136 16.6602 17.1901 17.7208 18.2475 18.7647 19.2672 19.7489 20.2039 20.6256 21.0077 21.3439 21.6284 21.8557 22.0216 22.1225 22.1565 22.1227 22.022 21.8565 21.6294 21.3452 21.0093 20.6276 20.2064 19.752 19.271 18.7694 18.2532 17.728 17.1991 16.6716 16.1507 15.6419 15.1511 14.6858 14.2549 13.87 13.5447 13.2922 13.118 13.003 
13.3284 13.7002 14.1337 14.6255 15.1666 15.7474 16.3593 16.9951 17.6487 18.3143 18.9864 19.6595 20.3277 20.9847 21.6237 22.2374 22.8177 23.3567 23.8458 24.2769 24.6422 24.9344 25.1478 25.2778 25.3215 25.278 25.1484 24.9353 24.6434 24.2785 23.8478 23.3591 22.8207 22.241 21.6281 20.9901 20.3342 19.6675 18.9963 18.3265 17.664 17.0144 16.3836 15.7779 15.2042 14.6703 14.1831 13.7471 13.3593 13.003 
13.551 14.1242 14.7362 15.3902 16.0836 16.8118 17.5691 18.3502 19.1497 19.9622 20.7822 21.6035 22.4196 23.2232 24.0061 24.7595 25.4735 26.1381 26.7425 27.2763 27.7294 28.0925 28.3579 28.5197 28.5742 28.52 28.3586 28.0935 27.7307 27.2781 26.7447 26.1408 25.4768 24.7634 24.0109 23.229 22.4266 21.6119 20.7923 19.9746 19.1648 18.3685 17.5912 16.8381 16.1142 15.4239 14.7705 14.154 13.569 13.003 
13.7485 14.5096 15.297 16.1156 16.9663 17.8473 18.7556 19.6874 20.6382 21.6032 22.577 23.5531 24.5245 25.4828 26.4186 27.3214 28.1794 28.9801 29.7104 30.357 30.907 31.3488 31.6722 31.8696 31.936 31.8699 31.6729 31.3498 30.9085 30.3588 29.7127 28.983 28.1829 27.3256 26.4237 25.4888 24.5317 23.5616 22.5871 21.6152 20.6524 19.7041 18.775 17.8694 16.9906 16.141 15.3212 14.5293 13.7598 13.003 
13.9305 14.8688 15.8266 16.8092 17.8188 18.8559 19.919 21.0058 22.1129 23.236 24.3699 25.5081 26.643 27.7655 28.8648 29.9286 30.9431 31.8931 32.7625 33.5347 34.1936 34.724 35.1131 35.3509 35.431 35.3513 35.1139 34.7251 34.1951 33.5367 32.765 31.8962 30.9468 29.933 28.8699 27.7716 26.6502 25.5164 24.3796 23.2473 22.1259 21.0207 19.9358 18.8742 17.8382 16.8285 15.8442 14.8825 13.9381 13.003 
14.1016 15.2088 16.3318 17.4759 18.6444 19.8388 21.0593 22.3045 23.5721 24.8586 26.159 27.467 28.7747 30.072 31.3471 32.5859 33.7721 34.8875 35.9125 36.8265 37.6091 38.2412 38.706 38.9905 39.0865 38.9909 38.7068 38.2424 37.6107 36.8285 35.915 34.8905 33.7757 32.5902 31.3522 30.078 28.7816 27.475 26.1681 24.869 23.5839 22.3176 21.0735 19.854 18.6598 17.4907 16.3449 15.2187 14.107 13.003 
14.2644 15.5332 16.8161 18.1185 19.4443 20.7962 22.1752 23.5813 25.0131 26.4678 27.9411 29.427 30.9173 32.4014 33.8665 35.2964 36.6724 37.973 39.1741 40.2504 41.176 41.9264 42.4799 42.8194 42.934 42.8198 42.4807 41.9275 41.1776 40.2524 39.1766 37.976 36.6761 35.3007 33.8714 32.4072 30.9238 29.4345 27.9496 26.4773 25.0235 23.5927 22.1873 20.8087 19.4567 18.1301 16.826 15.5405 14.2683 13.003 
14.4198 15.8437 17.2812 18.738 20.2187 21.7268 23.2645 24.8329 26.4317 28.059 29.7114 31.3833 33.0666 34.7508 36.4216 38.0616 39.649 41.1586 42.5613 43.8256 44.9188 45.8092 46.4685 46.874 47.0111 46.8744 46.4692 45.8103 44.9203 43.8276 42.5638 41.1616 39.6526 38.0657 36.4264 34.7562 33.0728 31.3902 29.7192 28.0676 26.441 24.8428 23.2748 21.7371 20.2287 18.7472 17.2889 15.8493 14.4228 13.003 
14.5683 16.1409 17.7273 19.334 20.9661 22.6282 24.3237 26.0548 27.8224 29.626 31.463 33.3288 35.216 37.1141 39.0085 40.88 42.7043 44.4519 46.0877 47.5727 48.865 49.9238 50.7115 51.1978 51.3626 51.1982 50.7122 49.9249 48.8666 47.5746 46.0901 44.4548 42.7077 40.8839 39.013 37.1192 35.2218 33.3352 31.47 29.6336 27.8306 26.0634 24.3325 22.6369 20.9743 19.3413 17.7334 16.1452 14.5706 13.003 
14.7098 16.4242 18.1536 19.9048 21.684 23.4969 25.3479 27.2409 29.178 31.1601 33.1864 35.2536 37.3554 39.482 41.619 43.7463 45.8372 47.8577 49.7659 51.513 53.0457 54.3101 55.2565 55.844 56.0438 55.8444 55.2572 54.3111 53.0471 51.5148 49.7681 47.8604 45.8404 43.75 41.6232 39.4868 37.3607 35.2594 33.1928 31.1669 29.1851 27.2482 25.3554 23.5041 21.6908 19.9108 18.1585 16.4277 14.7116 13.003 
14.8438 16.6929 18.5583 20.4479 22.3688 24.3278 26.3309 28.3833 30.4891 32.6509 34.8698 37.1446 39.4708 41.8404 44.24 46.6498 49.0413 51.3765 53.6058 55.6685 57.4955 59.015 60.1611 60.8787 61.1248 60.879 60.1617 59.016 57.4968 55.6702 53.6079 51.379 49.0443 46.6532 44.2439 41.8448 39.4756 37.1498 34.8755 32.6569 30.4954 28.3897 26.3373 24.3339 22.3744 20.4528 18.5623 16.6957 14.8453 13.003 
14.9697 16.9455 18.9393 20.96 23.0159 25.1152 27.2653 29.4732 31.7449 34.0854 36.4982 38.9848 41.5437 44.1696 46.8518 49.5722 52.3027 55.002 57.613 60.0604 62.2533 64.094 65.4947 66.3854 66.6985 66.3857 65.4953 64.0949 62.2545 60.062 57.615 55.0044 52.3054 49.5754 46.8554 44.1736 41.5481 38.9895 36.5033 34.0907 31.7504 29.4787 27.2707 25.1204 23.0207 20.9641 18.9426 16.9478 14.9709 13.003 
15.0866 17.1802 19.2938 21.4372 23.6202 25.8523 28.1425 30.4999 32.9326 35.4484 38.0538 40.7536 43.5504 46.4434 49.4263 52.4854 55.5958 58.7166 61.7845 64.7076 67.3638 69.6138 71.3389 72.4704 72.8987 72.4706 71.3394 69.6146 67.3649 64.709 61.7863 58.7188 55.5983 52.4883 49.4295 46.447 43.5544 40.7578 38.0583 35.4531 32.9374 30.5047 28.1472 25.8567 23.6243 21.4407 19.2966 17.1821 15.0876 13.003 
15.1935 17.3951 19.6188 21.8754 24.1761 26.5317 28.9533 31.4519 34.0381 36.7227 39.5156 42.4261 45.4619 48.628 51.9254 55.3481 58.8794 62.4849 66.1015 69.6224 72.881 75.659 77.7772 79.259 79.9555 79.2592 77.7776 75.6596 72.8819 69.6236 66.103 62.4867 58.8817 55.3507 51.9283 48.6312 45.4654 42.4299 39.5196 36.7269 34.0424 31.4561 28.9574 26.5355 24.1795 21.8784 19.6211 17.3968 15.1944 13.003 
15.2897 17.5883 19.9111 22.27 24.6774 27.1458 29.6879 32.3169 35.0461 37.8894 40.8608 43.9743 47.2439 50.6822 54.2998 58.103 62.0896 66.2425 70.5147 74.8001 78.8792 82.3644 84.8522 86.8334 88.4055 86.8335 84.8525 82.3649 78.88 74.8012 70.5161 66.2442 62.0916 58.1053 54.3025 50.6851 47.2471 43.9777 40.8643 37.8931 35.0498 32.3206 29.6915 27.1491 24.6804 22.2726 19.9131 17.5897 15.2904 13.003 
15.3739 17.7577 20.1676 22.6166 25.1183 27.6868 30.3364 33.0824 35.9408 38.9288 42.0646 45.3674 48.858 52.5579 56.4896 60.675 65.1342 69.8815 74.9154 80.1846 85.4717 90.0675 92.4341 94.8168 100 94.8169 92.4342 90.0678 85.4722 80.1854 74.9165 69.8829 65.136 60.6771 56.492 52.5606 48.8608 45.3704 42.0677 38.9321 35.9441 33.0856 30.3395 27.6897 25.1209 22.6188 20.1693 17.7589 15.3745 13.003 
15.4453 17.9014 20.3852 22.9109 25.4931 28.1472 30.8891 33.7361 36.7068 39.8214 43.1021 46.5736 50.2635 54.2028 58.4265 62.9741 67.8914 73.2344 79.0812 85.5515 92.7558 100 100 100 100 100 100 100 92.756 85.5521 79.0821 73.2356 67.8929 62.9759 58.4286 54.2051 50.266 46.5763 43.1049 39.8243 36.7098 33.739 30.8918 28.1497 25.4954 22.9129 20.3868 17.9025 15.4458 13.003 
15.5031 18.0177 20.5614 23.1492 25.7967 28.5203 31.3374 34.267 37.3298 40.5487 43.9497 47.5623 51.4205 55.5641 60.0401 64.9042 70.2234 76.0841 82.6239 90.1848 100 100 100 100 100 100 100 100 100 90.1852 82.6246 76.0851 70.2247 64.9058 60.042 55.5662 51.4227 47.5647 43.9522 40.5513 37.3324 34.2696 31.3399 28.5225 25.7987 23.1509 20.5627 18.0186 15.5036 13.003 
15.5465 18.1051 20.6938 23.3282 26.0247 28.8005 31.674 34.6656 37.7974 41.0948 44.5866 48.3061 52.2928 56.5939 61.2665 66.3797 72.0146 78.255 85.1458 92.5642 100 100 100 100 100 100 100 100 100 92.5644 85.1464 78.2559 72.0157 66.3811 61.2682 56.5958 52.2948 48.3083 44.5889 41.0972 37.7998 34.6678 31.6762 28.8025 26.0265 23.3298 20.695 18.1059 15.547 13.003 
15.5751 18.1626 20.7808 23.4457 26.1741 28.9836 31.8934 34.9245 38.1003 41.4475 44.9966 48.7836 52.8516 57.2531 62.0531 67.3343 73.2008 79.776 87.1405 94.9261 100 100 100 100 100 100 100 100 100 94.9263 87.141 79.7768 73.2018 67.3355 62.0546 57.2547 52.8534 48.7855 44.9986 41.4496 38.1024 34.9266 31.8954 28.9854 26.1757 23.4471 20.7819 18.1633 15.5755 13.003 
15.5886 18.1896 20.8214 23.5003 26.2429 29.0671 31.9922 35.0395 38.2328 41.5991 45.1695 48.981 53.0778 57.5143 62.3594 67.704 73.6788 80.5083 88.7142 100 100 100 100 100 100 100 100 100 100 100 88.7146 80.509 73.6797 67.7051 62.3607 57.5158 53.0794 48.9828 45.1713 41.601 38.2347 35.0414 31.994 29.0687 26.2443 23.5015 20.8224 18.1903 15.589 13.003 
15.5869 18.1859 20.8156 23.4916 26.2306 29.0502 31.9695 35.0094 38.1932 41.5473 45.1023 48.8939 52.9651 57.3679 62.167 67.4442 73.3028 79.8647 87.2084 94.9642 100 100 100 100 100 100 100 100 100 94.9644 87.2087 79.8652 73.3036 67.4452 62.1682 57.3692 52.9666 48.8955 45.104 41.549 38.1949 35.0111 31.9711 29.0517 26.2319 23.4927 20.8164 18.1866 15.5872 13.003 
15.5701 18.152 20.7637 23.4204 26.1383 28.9344 31.827 34.8362 37.9841 41.2956 44.7993 48.5283 52.5217 56.8259 61.4973 66.6036 72.2241 78.4396 85.2907 92.6486 100 100 100 100 100 100 100 100 100 92.6488 85.291 78.4401 72.2248 66.6045 61.4984 56.8271 52.523 48.5298 44.8008 41.2971 37.9856 34.8377 31.8285 28.9358 26.1395 23.4214 20.7645 18.1526 15.5704 13.003 
15.5388 18.0887 20.667 23.2885 25.9684 28.7228 31.5688 34.5251 37.6121 40.8525 44.2719 47.8993 51.7682 55.9177 60.3935 65.2496 70.5509 76.3795 82.8664 90.3399 100 100 100 100 100 100 100 100 100 90.34 82.8667 76.38 70.5515 65.2504 60.3944 55.9188 51.7694 47.9006 44.2733 40.854 37.6136 34.5265 31.5701 28.724 25.9695 23.2895 20.6678 18.0892 15.539 13.003 
15.4934 17.9972 20.5277 23.0988 25.7246 28.4201 31.201 34.0841 37.0877 40.2315 43.5374 47.0296 50.7351 54.684 58.91 63.4512 68.3509 73.6616 79.4558 85.8446 92.9263 100 100 100 100 100 100 100 92.9264 85.8448 79.4561 73.6621 68.3516 63.452 58.9109 54.685 50.7362 47.0309 43.5387 40.2328 37.089 34.0854 31.2022 28.4213 25.7256 23.0996 20.5284 17.9977 15.4937 13.003 
15.4349 17.8791 20.3482 22.8548 25.4118 28.0327 30.7317 33.5235 36.4238 39.4493 42.6176 45.9476 49.4595 53.174 57.1123 61.2952 65.7407 70.4609 75.451 80.6569 85.8609 90.3657 92.6801 94.9935 100 94.9935 92.6802 90.3658 85.8611 80.6571 75.4514 70.4613 65.7414 61.2959 57.1132 53.1749 49.4606 45.9488 42.6188 39.4505 36.4251 33.5247 30.7329 28.0338 25.4127 22.8556 20.3489 17.8796 15.4351 13.003 
15.3641 17.7366 20.1317 22.5608 25.0356 27.568 30.1704 32.8553 35.6357 38.5251 41.5369 44.6849 47.9822 51.441 55.071 58.8773 62.8567 66.9907 71.2311 75.4715 79.4951 82.9221 85.3615 87.2938 88.8174 87.2938 85.3616 82.9222 79.4952 75.4718 71.2315 66.9912 62.8573 58.878 55.0718 51.4419 47.9832 44.686 41.5381 38.5262 35.6369 32.8564 30.1715 27.5691 25.0365 22.5615 20.1323 17.737 15.3644 13.003 
15.2823 17.5717 19.8814 22.2215 24.6023 27.0341 29.5273 32.0924 34.7397 37.4793 40.3211 43.2737 46.3444 49.5378 52.8542 56.2871 59.819 63.4149 67.0118 70.5036 73.7262 76.4664 78.5504 80.003 80.6824 80.0031 78.5505 76.4666 73.7264 70.5039 67.0121 63.4154 59.8196 56.2878 52.855 49.5387 46.3454 43.2747 40.3222 37.4804 34.7408 32.0934 29.5284 27.0351 24.6032 22.2223 19.882 17.5721 15.2825 13.003 
15.1905 17.3869 19.6012 21.8422 24.1187 26.4395 28.8132 31.2481 33.7521 36.3325 38.9954 41.7455 44.585 47.5126 50.5219 53.5988 56.7181 59.8389 62.8982 65.8055 68.4405 70.6675 72.3712 73.4859 73.9067 73.486 72.3713 70.6677 68.4408 65.8058 62.8986 59.8394 56.7187 53.5995 50.5227 47.5135 44.5859 41.7464 38.9964 36.3335 33.7531 31.2491 28.8142 26.4404 24.1195 21.8428 19.6017 17.3873 15.1907 13.003 
15.0899 17.1845 19.2946 21.4277 23.5914 25.7927 28.0386 30.3355 32.689 35.104 37.5834 40.1288 42.7384 45.4067 48.1231 50.8691 53.6167 56.3252 58.9377 61.3803 63.5636 65.3926 66.7817 67.6635 67.9729 67.6635 66.7818 65.3928 63.5639 61.3806 58.9381 56.3257 53.6173 50.8697 48.1238 45.4076 42.7393 40.1297 37.5844 35.1049 32.69 30.3364 28.0395 25.7935 23.5921 21.4284 19.2951 17.1849 15.0901 13.003 
14.9817 16.9669 18.9654 20.9833 23.0269 25.1019 27.2138 29.3671 31.5655 33.8118 36.1067 38.4488 40.834 43.254 45.6955 48.1387 50.5556 52.9083 55.1481 57.2152 59.0419 60.5583 61.7001 62.4141 62.6587 62.4141 61.7002 60.5585 59.0422 57.2155 55.1484 52.9088 50.5561 48.1393 45.6962 43.2548 40.8349 38.4497 36.1076 33.8127 31.5665 29.368 27.2146 25.1027 23.0276 20.9839 18.9659 16.9673 14.9818 13.003 
14.867 16.7365 18.617 20.5137 22.4315 24.3751 26.3482 28.3542 30.3952 32.4719 34.5836 36.7269 38.8959 41.0807 43.2672 45.4356 47.5595 49.6053 51.5319 53.2914 54.8315 56.0995 57.0472 57.6349 57.8345 57.635 57.0474 56.0997 54.8317 53.2917 51.5323 49.6058 47.5601 45.4362 43.2679 41.0815 38.8967 36.7278 34.5845 32.4728 30.3961 28.3551 26.349 24.3758 22.4322 20.5143 18.6174 16.7368 14.8671 13.003 
14.7469 16.4953 18.2528 20.0234 21.8111 23.6192 25.4506 27.3072 29.1899 31.0981 33.0298 34.9804 36.9428 38.9068 40.8582 42.778 44.6426 46.4226 48.0839 49.588 50.894 51.962 52.7554 53.2447 53.4102 53.2447 52.7555 51.9622 50.8943 49.5883 48.0843 46.4231 44.6431 42.7786 40.8588 38.9076 36.9436 34.9811 33.0306 31.099 29.1907 27.308 25.4514 23.6199 21.8117 20.0239 18.2532 16.4956 14.747 13.003 
14.6224 16.2455 17.8757 19.5165 21.1707 22.8407 24.5285 26.2349 27.9598 29.7019 31.4579 33.2229 34.9892 36.7467 38.4816 40.1768 41.8111 43.3597 44.7942 46.0835 47.1957 48.0999 48.7684 49.1792 49.3179 49.1793 48.7686 48.1001 47.196 46.0838 44.7945 43.3602 41.8116 40.1773 38.4822 36.7473 34.9899 33.2236 31.4587 29.7027 27.9606 26.2356 24.5292 22.8414 21.1713 19.517 17.8761 16.2458 14.6225 13.003 
14.4944 15.9887 17.4886 18.9966 20.5149 22.0452 23.5884 25.1448 26.7135 28.2925 29.8781 31.4649 33.0456 34.61 36.1458 37.6374 39.0665 40.412 41.6505 42.7571 43.7064 44.4745 45.0403 45.3869 45.5037 45.3869 45.0404 44.4747 43.7066 42.7574 41.6509 40.4124 39.067 37.6379 36.1463 34.6106 33.0462 31.4656 29.8788 28.2932 26.7142 25.1455 23.5891 22.0458 20.5155 18.9971 17.4889 15.9889 14.4945 13.003 
14.3636 15.7265 17.0936 18.4668 19.8477 21.2372 22.6358 24.0431 25.4577 26.8773 28.2979 29.7142 31.1189 32.503 33.855 35.1614 36.4064 37.5723 38.6398 39.5888 40.3993 41.0526 41.5322 41.8253 41.924 41.8254 41.5323 41.0527 40.3996 39.5891 38.6401 37.5727 36.4069 35.1619 33.8556 32.5036 31.1196 29.7148 28.2985 26.8779 25.4584 24.0437 22.6364 21.2378 19.8482 18.4673 17.0939 15.7267 14.3637 13.003 
14.2308 15.4602 16.6928 17.9298 19.1723 20.4208 21.6751 22.9347 24.1977 25.4617 26.7228 27.9758 29.214 30.429 31.6109 32.7478 33.8265 34.832 35.7485 36.56 37.2505 37.8052 38.2114 38.4593 38.5426 38.4593 38.2115 37.8053 37.2507 36.5603 35.7489 34.8323 33.8269 32.7483 31.6114 30.4295 29.2145 27.9764 26.7234 25.4624 24.1984 22.9353 21.6757 20.4213 19.1728 17.9302 16.6931 15.4604 14.2309 13.003 
14.0964 15.191 16.2878 17.3878 18.4914 19.5989 20.7099 21.8234 22.9376 24.0499 25.1566 26.253 27.3329 28.389 29.4126 30.3935 31.3205 32.1814 32.9633 33.6532 34.2383 34.7072 35.0498 35.2586 35.3288 35.2587 35.0499 34.7074 34.2385 33.6534 32.9636 32.1818 31.3209 30.3939 29.413 28.3895 27.3334 26.2535 25.1572 24.0504 22.9381 21.8239 20.7104 19.5994 18.4918 17.3881 16.2881 15.1912 14.0965 13.003 
13.9609 14.9197 15.88 16.8424 17.8071 18.774 19.7427 20.7119 21.6799 22.6443 23.6015 24.5474 25.4765 26.3824 27.2577 28.0938 28.8815 29.6107 30.271 30.8519 31.3434 31.7363 32.023 32.1975 32.2561 32.1975 32.0231 31.7364 31.3435 30.8521 30.2713 29.611 28.8819 28.0942 27.2581 26.3829 25.477 24.5479 23.602 22.6448 21.6804 20.7124 19.7431 18.7744 17.8075 16.8427 15.8803 14.9199 13.961 13.003 
13.8247 14.6471 15.4704 16.2949 17.1209 17.9479 18.7753 19.6021 20.4266 21.2464 22.0585 22.8593 23.644 24.4072 25.1427 25.8434 26.5019 27.1098 27.6588 28.1408 28.5477 28.8725 29.1091 29.253 29.3013 29.253 29.1092 28.8726 28.5479 28.141 27.6591 27.11 26.5022 25.8438 25.143 24.4076 23.6444 22.8597 22.059 21.2468 20.427 19.6025 18.7757 17.9482 17.1212 16.2952 15.4706 14.6472 13.8248 13.003 
13.6881 14.3736 15.0597 15.7465 16.4339 17.1217 17.8091 18.4952 19.1784 19.8567 20.5275 21.1878 21.8335 22.4603 23.063 23.6361 24.1733 24.6683 25.1145 25.5054 25.8349 26.0976 26.2887 26.4048 26.4438 26.4048 26.2887 26.0977 25.8351 25.5056 25.1147 24.6686 24.1736 23.6364 23.0634 22.4606 21.8339 21.1881 20.5279 19.857 19.1787 18.4955 17.8094 17.122 16.4342 15.7467 15.0598 14.3737 13.6882 13.003 
13.5512 14.0997 14.6484 15.1976 15.7469 16.2961 16.8446 17.3915 17.9355 18.4749 19.0077 19.5313 20.0426 20.538 21.0137 21.4651 21.8877 22.2763 22.6261 22.9321 23.1897 23.3947 23.5439 23.6344 23.6648 23.6344 23.5439 23.3948 23.1898 22.9322 22.6262 22.2765 21.8879 21.4654 21.0139 20.5383 20.0428 19.5315 19.008 18.4752 17.9358 17.3918 16.8449 16.2964 15.7471 15.1977 14.6486 14.0998 13.5513 13.003 
13.4142 13.8255 14.237 14.6486 15.0602 15.4715 15.882 16.291 16.6975 17.1002 17.4975 17.8875 18.2679 18.636 18.989 19.3236 19.6364 19.9237 20.1819 20.4076 20.5974 20.7484 20.8581 20.9247 20.9471 20.9247 20.8582 20.7485 20.5975 20.4077 20.182 19.9238 19.6365 19.3238 18.9892 18.6362 18.2681 17.8877 17.4977 17.1004 16.6977 16.2912 15.8822 15.4717 15.0604 14.6488 14.2371 13.8256 13.4142 13.003 
13.2771 13.5513 13.8256 14.0999 14.3741 14.648 14.9212 15.1933 15.4635 15.7311 15.9949 16.2536 16.5057 16.7496 16.9831 17.2043 17.4109 17.6005 17.7707 17.9194 18.0444 18.1437 18.2159 18.2597 18.2744 18.2597 18.2159 18.1438 18.0444 17.9195 17.7708 17.6005 17.411 17.2044 16.9833 16.7497 16.5059 16.2537 15.995 15.7312 15.4637 15.1934 14.9214 14.6481 14.3742 14.1 13.8257 13.5514 13.2772 13.003 
13.1401 13.2771 13.4143 13.5514 13.6884 13.8253 13.9617 14.0976 14.2325 14.366 14.4976 14.6266 14.7522 14.8736 14.9899 15.0999 15.2026 15.2968 15.3814 15.4552 15.5172 15.5665 15.6023 15.624 15.6313 15.6241 15.6023 15.5666 15.5173 15.4553 15.3814 15.2969 15.2027 15.1 14.9899 14.8737 14.7523 14.6266 14.4977 14.3661 14.2326 14.0977 13.9618 13.8253 13.6885 13.5514 13.4143 13.2772 13.1401 13.003 
12.866 12.866 12.866 12.866 12.866 12.866 12.866 12.866 12.866 12.866 12.866 12.866 12.866 12.866 12.866 12.866 12.866 12.866 12.866 12.866 12.866 12.866 12.866 12.866 12.866 12.866 12.866 12.866 12.866 12.866 12.866 12.866 12.866 12.866 12.866 12.866 12.866 12.866 12.866 12.866 12.866 12.866 12.866 12.866 12.866 12.866 12.866 12.866 12.866 12.866 
